130,0000,-70,9000
130,0000,-71,1000
130,0000,-71,3000
130,0000,-71,5000
130,0000,-71,7000
130,0000,-71,9000
130,0000,-72,1000
130,0000,-72,3000
130,0000,-72,5000
130,0000,-72,7000
130,0000,-72,9000
130,0000,-73,1000
130,0000,-73,3000
130,0000,-73,5000
130,0000,-73,7000
130,0000,-73,9000
130,0000,-74,1000
130,0000,-74,3000
130,0000,-74,5000
130,0000,-74,7000
130,0000,-74,9000
130,0000,-75,0754
130,0000,-75,2639
130,0000,-75,4524
130,0000,-75,6409
130,0000,-75,8294
130,0000,-76,0179
130,0000,-76,2064
130,0000,-76,3949
130,0000,-76,5834
130,0000,-76,7719
130,0000,-76,9604
130,0000,-77,1488
130,0000,-77,3373
130,0000,-77,5258
130,0000,-77,7143
130,0000,-77,9028
130,0000,-78,0913
130,0000,-78,2798
130,0000,-78,4683
130,0000,-78,6568
130,0000,-78,8453
130,0000,-79,0338
130,0000,-79,2223
130,0000,-79,4108
130,0000,-79,5993
130,0000,-79,7878
130,0000,-79,9763
130,0000,-80,1648
130,0000,-80,3533
130,0000,-80,5418
130,0000,-80,7303
130,0000,-80,9188
130,0000,-81,1073
130,0000,-81,2958
130,0000,-81,4842
130,0000,-81,6727
130,0000,-81,8612
130,0000,-82,0497
130,0000,-82,2382
130,0000,-82,4267
130,0000,-82,6152
130,0000,-82,8037
130,0000,-82,9922
130,0000,-83,1807
130,0000,-83,3692
130,0000,-83,5577
130,0000,-83,7462
130,0000,-83,9347
130,0000,-84,1232
130,0000,-84,3117
130,0000,-84,5002
130,0000,-84,6887
130,0000,-84,8772
130,0000,-85,0657
130,0000,-85,2542
130,0000,-85,4427
130,0000,-85,6311
130,0000,-85,8196
130,0000,-86,0081
130,0000,-86,1966
130,0000,-86,3851
130,0000,-86,5736
130,0000,-86,7621
130,0000,-86,9506
130,0000,-87,1391
130,0000,-87,3276
130,0000,-87,5161
130,0000,-87,7046
130,0000,-87,8931
130,0000,-88,0816
130,0000,-88,2701
130,0000,-88,4586
130,0000,-88,6471
130,0000,-88,8356
130,0000,-89,0241
130,0000,-89,2126
130,0000,-89,4011
130,0000,-89,5896
130,0000,-89,7781
130,0000,-89,9665
130,0000,-90,1550
130,0000,-90,3435
130,0000,-90,5320
130,0000,-90,7205
130,0000,-90,9090
130,0000,-91,0975
130,0000,-91,2860
130,0000,-91,4745
130,0000,-91,6630
130,0000,-91,8515
130,0000,-92,0400
130,0000,-92,2285
130,0000,-92,4170
130,0000,-92,6055
130,0000,-92,7940
130,0000,-92,9825
130,0000,-93,1710
130,0000,-93,3595
130,0000,-93,5480
130,0000,-93,7365
130,0000,-93,9250
130,0000,-94,1134
130,0000,-94,3019
130,0000,-94,4904
130,0000,-94,6789
130,0000,-94,8674
130,0000,-95,0559
130,0000,-95,2444
130,0000,-95,4329
130,0000,-95,6214
130,0000,-95,8099
130,0000,-95,9984
130,0000,-96,1869
130,0000,-96,3754
130,0000,-96,5639
130,0000,-96,7524
130,0000,-96,9409
130,0000,-97,1294
130,0000,-97,3179
130,0000,-97,5064
130,0000,-97,6949
130,0000,-97,8834
130,0000,-98,0719
130,0000,-98,2604
130,0000,-98,4488
130,0000,-98,6373
130,0000,-98,8258
130,0000,-99,0143
130,0000,-99,2028
130,0000,-99,3913
130,0000,-99,5798
130,0000,-99,7683
130,0000,-99,9568
130,0000,-100,1453
130,0000,-100,3338
130,0000,-100,5223
130,0000,-100,7108
130,0000,-100,8993
130,0000,-101,0878
130,0000,-101,2763
130,0000,-101,4648
130,0000,-101,6533
130,0000,-101,8418
130,0000,-102,0303
130,0000,-102,2188
130,0000,-102,4073
130,0000,-102,5957
130,0000,-102,7842
130,0000,-102,9727
130,0000,-103,1612
130,0000,-103,3497
130,0000,-103,5382
130,0000,-103,7267
130,0000,-103,9152
130,0000,-104,1037
130,0000,-104,2922
130,0000,-104,4807
130,0000,-104,6692
130,0000,-104,8577
130,0000,-105,0462
130,0000,-105,2347
130,0000,-105,4232
130,0000,-105,6117
130,0000,-105,8002
130,0000,-105,9887
130,0000,-106,1772
130,0000,-106,3657
130,0000,-106,5542
130,0000,-106,7427
130,0000,-106,9311
130,0000,-107,1196
130,0000,-107,3081
130,0000,-107,4966
130,0000,-107,6851
130,0000,-107,8736
130,0000,-108,0621
130,0000,-108,2506
130,0000,-108,4391
130,0000,-108,6276
130,0000,-108,8161
130,0000,-109,0046
130,0000,-109,1931
130,0000,-109,3816
130,0000,-109,5701
130,0000,-109,7416
129,9992,-109,8736
129,9975,-110,0055
129,9949,-110,1374
129,9914,-110,2693
129,9869,-110,4012
129,9815,-110,5330
129,9752,-110,6648
129,9679,-110,7966
129,9597,-110,9283
129,9505,-111,0599
129,9405,-111,1914
129,9295,-111,3229
129,9176,-111,4543
129,9047,-111,5857
129,8909,-111,7169
129,8762,-111,8480
129,8606,-111,9790
129,8440,-112,1099
129,8266,-112,2407
129,8082,-112,3714
129,7888,-112,5019
129,7686,-112,6323
129,7474,-112,7625
129,7253,-112,8926
129,7023,-113,0225
129,6784,-113,1523
129,6535,-113,2819
129,6278,-113,4113
129,6011,-113,5405
129,5735,-113,6695
129,5450,-113,7984
129,5156,-113,9270
129,4853,-114,0554
129,4540,-114,1836
129,4219,-114,3116
129,3889,-114,4393
129,3549,-114,5668
129,3201,-114,6941
129,2844,-114,8211
129,2477,-114,9479
129,2102,-115,0744
129,1718,-115,2006
129,1325,-115,3265
129,0923,-115,4522
129,0512,-115,5776
129,0092,-115,7027
128,9663,-115,8275
128,9226,-115,9520
128,8780,-116,0762
128,8325,-116,2000
128,7861,-116,3235
128,7389,-116,4467
128,6908,-116,5696
128,6418,-116,6921
128,5920,-116,8143
128,5413,-116,9361
128,4897,-117,0576
128,4373,-117,1786
128,3840,-117,2994
128,3299,-117,4197
128,2749,-117,5396
128,2191,-117,6592
128,1624,-117,7784
128,1049,-117,8971
128,0465,-118,0155
127,9874,-118,1334
127,9274,-118,2509
127,8665,-118,3680
127,8048,-118,4846
127,7423,-118,6008
127,6790,-118,7166
127,6149,-118,8319
127,5500,-118,9468
127,4842,-119,0612
127,4177,-119,1751
127,3503,-119,2886
127,2821,-119,4015
127,2132,-119,5140
127,1434,-119,6260
127,0729,-119,7375
127,0015,-119,8485
126,9294,-119,9590
126,8565,-120,0690
126,7829,-120,1785
126,7084,-120,2874
126,6332,-120,3958
126,5573,-120,5037
126,4805,-120,6111
126,4030,-120,7179
126,3248,-120,8241
126,2458,-120,9298
126,1661,-121,0349
126,0856,-121,1395
126,0044,-121,2435
125,9224,-121,3469
125,8398,-121,4497
125,7563,-121,5520
125,6722,-121,6536
125,5874,-121,7547
125,5018,-121,8551
125,4156,-121,9550
125,3286,-122,0542
125,2410,-122,1528
125,1526,-122,2508
125,0636,-122,3482
124,9738,-122,4449
124,8834,-122,5410
124,7923,-122,6365
124,7006,-122,7313
124,6081,-122,8255
124,5150,-122,9190
124,4213,-123,0118
124,3269,-123,1040
124,2318,-123,1955
124,1361,-123,2863
124,0398,-123,3765
123,9428,-123,4660
123,8452,-123,5548
123,7470,-123,6429
123,6481,-123,7303
123,5486,-123,8169
123,4486,-123,9029
123,3479,-123,9882
123,2466,-124,0728
123,1447,-124,1566
123,0422,-124,2398
122,9392,-124,3222
122,8356,-124,4038
122,7314,-124,4848
122,6266,-124,5650
122,5212,-124,6444
122,4153,-124,7231
122,3089,-124,8011
122,2019,-124,8783
122,0943,-124,9547
121,9863,-125,0304
121,8776,-125,1053
121,7685,-125,1795
121,6588,-125,2529
121,5487,-125,3255
121,4380,-125,3973
121,3268,-125,4683
121,2151,-125,5386
121,1029,-125,6080
120,9902,-125,6767
120,8771,-125,7445
120,7634,-125,8116
120,6493,-125,8778
120,5347,-125,9433
120,4197,-126,0079
120,3042,-126,0717
120,1883,-126,1348
120,0719,-126,1969
119,9551,-126,2583
119,8379,-126,3188
119,7202,-126,3785
119,6021,-126,4374
119,4836,-126,4954
119,3647,-126,5526
119,2454,-126,6090
119,1257,-126,6645
119,0056,-126,7191
118,8851,-126,7729
118,7642,-126,8259
118,6430,-126,8780
118,5214,-126,9292
118,3995,-126,9796
118,2772,-127,0291
118,1545,-127,0778
118,0315,-127,1255
117,9082,-127,1724
117,7846,-127,2185
117,6606,-127,2636
117,5363,-127,3079
117,4117,-127,3513
117,2868,-127,3939
117,1616,-127,4355
117,0361,-127,4763
116,9103,-127,5161
116,7842,-127,5551
116,6579,-127,5932
116,5313,-127,6304
116,4045,-127,6667
116,2773,-127,7021
116,1500,-127,7366
116,0224,-127,7702
115,8946,-127,8029
115,7665,-127,8346
115,6382,-127,8655
115,5097,-127,8955
115,3810,-127,9246
115,2521,-127,9527
115,1230,-127,9800
114,9937,-128,0063
114,8642,-128,0317
114,7346,-128,0562
114,6048,-128,0798
114,4748,-128,1025
114,3446,-128,1242
114,2143,-128,1450
114,0839,-128,1649
113,9533,-128,1839
113,8226,-128,2020
113,6918,-128,2191
113,5608,-128,2353
113,4298,-128,2506
113,2986,-128,2650
113,1674,-128,2784
113,0360,-128,2909
112,9046,-128,3025
112,7731,-128,3131
112,6415,-128,3228
112,5098,-128,3316
112,3781,-128,3394
112,2463,-128,3464
112,1145,-128,3523
111,9827,-128,3574
111,8508,-128,3615
111,7189,-128,3647
111,5870,-128,3670
111,4550,-128,3683
111,3231,-128,3687
111,1911,-128,3682
111,0592,-128,3667
110,9273,-128,3643
110,7954,-128,3609
110,6635,-128,3567
110,5316,-128,3515
110,3998,-128,3453
110,2681,-128,3383
110,1364,-128,3303
110,0047,-128,3214
109,8731,-128,3115
109,7416,-128,3007
109,6102,-128,2890
109,4789,-128,2764
109,3476,-128,2628
109,2165,-128,2483
109,0854,-128,2329
108,9545,-128,2165
108,8237,-128,1992
108,6930,-128,1810
108,5625,-128,1619
108,4320,-128,1419
108,3018,-128,1209
108,1717,-128,0990
108,0417,-128,0762
107,9119,-128,0525
107,7823,-128,0278
107,6528,-128,0023
107,5236,-127,9758
107,3945,-127,9484
107,2656,-127,9201
107,1369,-127,8909
107,0085,-127,8608
106,8802,-127,8298
106,7522,-127,7978
106,6244,-127,7650
106,4695,-127,7241
106,2873,-127,6759
106,1050,-127,6277
105,9228,-127,5796
105,7406,-127,5314
105,5583,-127,4832
105,3761,-127,4350
105,1939,-127,3868
105,0116,-127,3386
104,8294,-127,2904
104,6472,-127,2422
104,4650,-127,1940
104,2827,-127,1458
104,1005,-127,0976
103,9183,-127,0494
103,7360,-127,0012
103,5538,-126,9530
103,3716,-126,9048
103,1893,-126,8566
103,0071,-126,8084
102,8249,-126,7602
102,6427,-126,7120
102,4604,-126,6639
102,2782,-126,6157
102,0960,-126,5675
101,9137,-126,5193
101,7315,-126,4711
101,5493,-126,4229
101,3670,-126,3747
101,1848,-126,3265
101,0026,-126,2783
100,8204,-126,2301
100,6381,-126,1819
100,4559,-126,1337
100,2737,-126,0855
100,0914,-126,0373
99,9092,-125,9891
99,7270,-125,9409
99,5447,-125,8927
99,3625,-125,8445
99,1803,-125,7963
98,9981,-125,7481
98,8158,-125,7000
98,6336,-125,6518
98,4514,-125,6036
98,2691,-125,5554
98,0869,-125,5072
97,9047,-125,4590
97,7224,-125,4108
97,5402,-125,3626
97,3580,-125,3144
97,1758,-125,2662
96,9935,-125,2180
96,8113,-125,1698
96,6291,-125,1216
96,4468,-125,0734
96,2646,-125,0252
96,0824,-124,9770
95,9001,-124,9288
95,7179,-124,8806
95,5357,-124,8324
95,3534,-124,7842
95,1712,-124,7361
94,9890,-124,6879
94,8068,-124,6397
94,6245,-124,5915
94,4423,-124,5433
94,2601,-124,4951
94,0778,-124,4469
93,8956,-124,3987
93,7134,-124,3505
93,5311,-124,3023
93,3489,-124,2541
93,1667,-124,2059
92,9845,-124,1577
92,8022,-124,1095
92,6200,-124,0613
92,4378,-124,0131
92,2555,-123,9649
92,0733,-123,9167
91,8911,-123,8685
91,7088,-123,8204
91,5266,-123,7722
91,3444,-123,7240
91,1622,-123,6758
90,9799,-123,6276
90,7977,-123,5794
90,6155,-123,5312
90,4332,-123,4830
90,2510,-123,4348
90,0688,-123,3866
89,8865,-123,3384
89,7043,-123,2902
89,5221,-123,2420
89,3727,-123,2023
89,2454,-123,1676
89,1184,-123,1320
88,9916,-123,0955
88,8650,-123,0580
88,7388,-123,0197
88,6128,-122,9805
88,4871,-122,9404
88,3617,-122,8994
88,2365,-122,8576
88,1117,-122,8148
87,9872,-122,7712
87,8630,-122,7267
87,7391,-122,6813
87,6155,-122,6350
87,4923,-122,5879
87,3694,-122,5399
87,2468,-122,4910
87,1246,-122,4413
87,0027,-122,3907
86,8812,-122,3392
86,7601,-122,2869
86,6393,-122,2337
86,5189,-122,1797
86,3990,-122,1249
86,2793,-122,0691
86,1601,-122,0126
86,0413,-121,9552
85,9229,-121,8969
85,8050,-121,8378
85,6874,-121,7779
85,5703,-121,7172
85,4536,-121,6556
85,3373,-121,5932
85,2215,-121,5300
85,1061,-121,4660
84,9912,-121,4011
84,8767,-121,3355
84,7628,-121,2690
84,6492,-121,2018
84,5362,-121,1337
84,4237,-121,0648
84,3116,-120,9952
84,2000,-120,9247
84,0890,-120,8535
83,9784,-120,7815
83,8684,-120,7087
83,7588,-120,6351
83,6498,-120,5608
83,5413,-120,4857
83,4334,-120,4098
83,3260,-120,3331
83,2191,-120,2557
83,1128,-120,1776
83,0070,-120,0987
82,9018,-120,0190
82,7972,-119,9387
82,6932,-119,8575
82,5897,-119,7757
82,4868,-119,6931
82,3844,-119,6098
82,2827,-119,5257
82,1816,-119,4410
82,0811,-119,3555
81,9811,-119,2694
81,8818,-119,1825
81,7831,-119,0949
81,6851,-119,0066
81,5876,-118,9177
81,4908,-118,8280
81,3946,-118,7377
81,2991,-118,6467
81,2042,-118,5550
81,1100,-118,4626
81,0164,-118,3696
80,9235,-118,2760
80,8312,-118,1816
80,7396,-118,0867
80,6487,-117,9910
80,5584,-117,8948
80,4689,-117,7979
80,3800,-117,7003
80,2918,-117,6022
80,2043,-117,5034
80,1176,-117,4040
80,0315,-117,3040
79,9461,-117,2034
79,8615,-117,1022
79,7775,-117,0004
79,6943,-116,8980
79,6118,-116,7950
79,5301,-116,6915
79,4490,-116,5873
79,3687,-116,4826
79,2892,-116,3773
79,2104,-116,2715
79,1323,-116,1651
79,0550,-116,0582
78,9785,-115,9507
78,9027,-115,8427
78,8277,-115,7341
78,7535,-115,6251
78,6800,-115,5155
78,6073,-115,4053
78,5354,-115,2947
78,4643,-115,1836
78,3939,-115,0719
78,3244,-114,9598
78,2556,-114,8472
78,1877,-114,7341
78,1205,-114,6205
78,0542,-114,5065
77,9886,-114,3920
77,9239,-114,2770
77,8600,-114,1616
77,7969,-114,0457
77,7346,-113,9294
77,6731,-113,8126
77,6125,-113,6954
77,5527,-113,5778
77,4937,-113,4597
77,4356,-113,3413
77,3783,-113,2224
77,3218,-113,1032
77,2662,-112,9835
77,2115,-112,8635
77,1576,-112,7430
77,1045,-112,6222
77,0523,-112,5011
77,0010,-112,3795
76,9505,-112,2576
76,9009,-112,1353
76,8521,-112,0127
76,8042,-111,8898
76,7572,-111,7665
76,7110,-111,6429
76,6658,-111,5189
76,6214,-111,3947
76,5779,-111,2701
76,5352,-111,1453
76,4935,-111,0201
76,4526,-110,8946
76,4127,-110,7689
76,3736,-110,6429
76,3354,-110,5166
76,2981,-110,3900
76,2617,-110,2632
76,2262,-110,1361
76,1916,-110,0088
76,1579,-109,8812
76,1251,-109,7534
76,0932,-109,6254
76,0622,-109,4971
76,0321,-109,3686
76,0029,-109,2400
75,9746,-109,1111
75,9473,-108,9820
75,9208,-108,8527
75,8953,-108,7233
75,8707,-108,5936
75,8470,-108,4638
75,8242,-108,3339
75,8024,-108,2037
75,7814,-108,0735
75,7614,-107,9430
75,7423,-107,8125
75,7241,-107,6818
75,7069,-107,5510
75,6906,-107,4201
75,6752,-107,2890
75,6607,-107,1579
75,6472,-107,0266
75,6346,-106,8953
75,6229,-106,7638
75,6121,-106,6323
75,6023,-106,5007
75,5934,-106,3691
75,5854,-106,2374
75,5784,-106,1056
75,5723,-105,9738
75,5671,-105,8420
75,5629,-105,7101
75,5596,-105,5782
75,5572,-105,4463
75,5558,-105,3143
75,5553,-105,1824
75,5557,-105,0504
75,5570,-104,9185
75,5593,-104,7866
75,5626,-104,6547
75,5667,-104,5228
75,5718,-104,3909
75,5778,-104,2591
75,5848,-104,1274
75,5926,-103,9957
75,6015,-103,8640
75,6112,-103,7324
75,6219,-103,6009
75,6335,-103,4695
75,6460,-103,3381
75,6595,-103,2069
75,6739,-103,0757
75,6892,-102,9446
75,7054,-102,8137
75,7226,-102,6829
75,7407,-102,5522
75,7597,-102,4216
75,7796,-102,2912
75,8005,-102,1609
75,8222,-102,0308
75,8449,-101,9008
75,8685,-101,7710
75,8931,-101,6413
75,9185,-101,5118
75,9449,-101,3826
75,9722,-101,2535
76,0003,-101,1246
76,0294,-100,9959
76,0594,-100,8674
76,0904,-100,7391
76,1222,-100,6110
76,1549,-100,4832
76,1885,-100,3556
76,2231,-100,2283
76,2585,-100,1012
76,2948,-99,9743
76,3320,-99,8477
76,3701,-99,7214
76,4091,-99,5954
76,4490,-99,4696
76,4898,-99,3441
76,5315,-99,2189
76,5740,-99,0940
76,6175,-98,9694
76,6618,-98,8451
76,7070,-98,7212
76,7531,-98,5975
76,8000,-98,4742
76,8478,-98,3512
76,8965,-98,2286
76,9460,-98,1063
76,9964,-97,9844
77,0477,-97,8628
77,0998,-97,7416
77,1528,-97,6207
77,2066,-97,5003
77,2613,-97,3802
77,3169,-97,2605
77,3732,-97,1412
77,4305,-97,0223
77,4885,-96,9038
77,5474,-96,7857
77,6071,-96,6681
77,6677,-96,5509
77,7291,-96,4341
77,7913,-96,3177
77,8543,-96,2018
77,9182,-96,0863
77,9828,-95,9713
78,0483,-95,8567
78,1146,-95,7427
78,1817,-95,6290
78,2496,-95,5159
78,3182,-95,4032
78,3877,-95,2911
78,4580,-95,1794
78,5291,-95,0682
78,6009,-94,9575
78,6735,-94,8474
78,7469,-94,7377
78,8211,-94,6286
78,8960,-94,5200
78,9717,-94,4119
79,0482,-94,3044
79,1254,-94,1974
79,2034,-94,0910
79,2822,-93,9851
79,3616,-93,8798
79,4419,-93,7750
79,5228,-93,6708
79,6045,-93,5672
79,6869,-93,4642
79,7701,-93,3617
79,8540,-93,2599
79,9386,-93,1586
80,0239,-93,0580
80,1099,-92,9579
80,1966,-92,8585
80,2840,-92,7596
80,3721,-92,6614
80,4610,-92,5638
80,5505,-92,4669
80,6406,-92,3706
80,7315,-92,2749
80,8230,-92,1798
80,9349,-92,0651
81,0666,-91,9303
81,1983,-91,7955
81,3301,-91,6606
81,4618,-91,5258
81,5935,-91,3910
81,7252,-91,2561
81,8569,-91,1213
81,9886,-90,9865
82,1204,-90,8516
82,2521,-90,7168
82,3838,-90,5819
82,5155,-90,4471
82,6472,-90,3123
82,7789,-90,1774
82,9107,-90,0426
83,0424,-89,9078
83,1741,-89,7729
83,3058,-89,6381
83,4375,-89,5032
83,5693,-89,3684
83,7010,-89,2336
83,8327,-89,0987
83,9644,-88,9639
84,0961,-88,8291
84,2278,-88,6942
84,3596,-88,5594
84,4913,-88,4245
84,6230,-88,2897
84,7547,-88,1549
84,8864,-88,0200
85,0181,-87,8852
85,1499,-87,7504
85,2816,-87,6155
85,4133,-87,4807
85,5450,-87,3459
85,6767,-87,2110
85,8085,-87,0762
85,9402,-86,9413
86,0719,-86,8065
86,2036,-86,6717
86,3353,-86,5368
86,4670,-86,4020
86,5988,-86,2672
86,7305,-86,1323
86,8622,-85,9975
86,9939,-85,8626
87,1256,-85,7278
87,2573,-85,5930
87,3891,-85,4581
87,5208,-85,3233
87,6525,-85,1885
87,7842,-85,0536
87,9159,-84,9188
88,0476,-84,7839
88,1794,-84,6491
88,3111,-84,5143
88,4428,-84,3794
88,5745,-84,2446
88,7062,-84,1098
88,8380,-83,9749
88,9697,-83,8401
89,1014,-83,7052
89,2331,-83,5704
89,3648,-83,4356
89,4965,-83,3007
89,6283,-83,1659
89,7600,-83,0311
89,8917,-82,8962
90,0234,-82,7614
90,1472,-82,6346
90,2389,-82,5398
90,3300,-82,4443
90,4204,-82,3482
90,5101,-82,2514
90,5991,-82,1540
90,6874,-82,0560
90,7751,-81,9573
90,8620,-81,8581
90,9482,-81,7582
91,0337,-81,6577
91,1186,-81,5566
91,2026,-81,4550
91,2860,-81,3527
91,3687,-81,2498
91,4506,-81,1464
91,5318,-81,0424
91,6122,-80,9378
91,6919,-80,8326
91,7709,-80,7269
91,8491,-80,6207
91,9265,-80,5138
92,0032,-80,4065
92,0792,-80,2986
92,1543,-80,1901
92,2287,-80,0812
92,3024,-79,9717
92,3752,-79,8617
92,4473,-79,7511
92,5186,-79,6401
92,5891,-79,5286
92,6588,-79,4166
92,7277,-79,3040
92,7959,-79,1910
92,8632,-79,0776
92,9297,-78,9636
92,9954,-78,8492
93,0603,-78,7343
93,1244,-78,6190
93,1877,-78,5032
93,2502,-78,3870
93,3118,-78,2703
93,3726,-78,1532
93,4326,-78,0357
93,4917,-77,9177
93,5500,-77,7994
93,6075,-77,6806
93,6641,-77,5614
93,7199,-77,4418
93,7749,-77,3219
93,8290,-77,2015
93,8822,-77,0808
93,9346,-76,9597
93,9861,-76,8382
94,0368,-76,7164
94,0866,-76,5942
94,1355,-76,4717
94,1836,-76,3488
94,2308,-76,2256
94,2771,-76,1020
94,3226,-75,9782
94,3671,-75,8540
94,4108,-75,7295
94,4537,-75,6047
94,4956,-75,4796
94,5366,-75,3542
94,5768,-75,2285
94,6161,-75,1025
94,6545,-74,9763
94,6919,-74,8498
94,7285,-74,7230
94,7642,-74,5960
94,7990,-74,4687
94,8329,-74,3412
94,8659,-74,2134
94,8980,-74,0854
94,9292,-73,9572
94,9595,-73,8288
94,9889,-73,7002
95,0173,-73,5713
95,0449,-73,4423
95,0715,-73,3131
95,0972,-73,1836
95,1220,-73,0540
95,1459,-72,9243
95,1689,-72,7943
95,1909,-72,6643
95,2121,-72,5340
95,2323,-72,4036
95,2516,-72,2731
95,2699,-72,1424
95,2874,-72,0116
95,3039,-71,8807
95,3195,-71,7497
95,3341,-71,6186
95,3479,-71,4874
95,3607,-71,3560
95,3726,-71,2246
95,3835,-71,0931
95,3935,-70,9616
95,4026,-70,8299
95,4108,-70,6982
95,4180,-70,5665
95,4243,-70,4347
95,4297,-70,3029
95,4341,-70,1710
95,4376,-70,0391
95,4402,-69,9072
95,4418,-69,7752
95,4425,-69,6433
95,4423,-69,5113
95,4412,-69,3794
95,4391,-69,2475
95,4360,-69,1155
95,4321,-68,9837
95,4272,-68,8518
95,4214,-68,7200
95,4146,-68,5882
95,4069,-68,4565
95,3983,-68,3248
95,3888,-68,1932
95,3783,-68,0617
95,3669,-67,9302
95,3545,-67,7989
95,3413,-67,6676
95,3271,-67,5364
95,3120,-67,4053
95,2959,-67,2744
95,2790,-67,1435
95,2611,-67,0128
95,2423,-66,8822
95,2225,-66,7517
95,2018,-66,6214
95,1803,-66,4912
95,1578,-66,3612
95,1343,-66,2314
95,1100,-66,1017
95,0848,-65,9722
95,0586,-65,8429
95,0315,-65,7137
95,0035,-65,5848
94,9746,-65,4560
94,9448,-65,3275
94,9141,-65,1992
94,8824,-65,0711
94,8499,-64,9432
94,8165,-64,8156
94,7821,-64,6882
94,7469,-64,5610
94,7108,-64,4341
94,6737,-64,3075
94,6358,-64,1811
94,5970,-64,0550
94,5573,-63,9292
94,5167,-63,8036
94,4752,-63,6784
94,4328,-63,5534
94,3896,-63,4287
94,3455,-63,3044
94,3005,-63,1804
94,2546,-63,0566
94,2078,-62,9333
94,1602,-62,8102
94,1117,-62,6875
94,0623,-62,5651
94,0121,-62,4431
93,9610,-62,3215
93,9091,-62,2002
93,8563,-62,0792
93,8026,-61,9587
93,7481,-61,8385
93,6928,-61,7188
93,6366,-61,5994
93,5795,-61,4804
93,5216,-61,3618
93,4629,-61,2437
93,4034,-61,1259
93,3430,-61,0086
93,2818,-60,8917
93,2197,-60,7753
93,1569,-60,6592
93,0932,-60,5437
93,0287,-60,4286
92,9634,-60,3139
92,8973,-60,1997
92,8304,-60,0860
92,7627,-59,9728
92,6942,-59,8600
92,6248,-59,7477
92,5547,-59,6359
92,4838,-59,5247
92,4122,-59,4139
92,3397,-59,3036
92,2665,-59,1939
92,1925,-59,0846
92,1177,-58,9759
92,0421,-58,8677
91,9658,-58,7601
91,8887,-58,6530
91,8109,-58,5464
91,7323,-58,4404
91,6530,-58,3350
91,5730,-58,2301
91,4922,-58,1258
91,4106,-58,0221
91,3283,-57,9189
91,2453,-57,8163
91,1616,-57,7144
91,0772,-57,6130
90,9920,-57,5122
90,9062,-57,4120
90,8196,-57,3124
90,7323,-57,2135
90,6443,-57,1151
90,5557,-57,0174
90,4663,-56,9203
90,3763,-56,8239
90,2856,-56,7281
90,1942,-56,6329
90,1021,-56,5384
90,0094,-56,4445
89,9160,-56,3513
89,8220,-56,2587
89,7273,-56,1668
89,6319,-56,0756
89,5359,-55,9851
89,4393,-55,8952
89,3421,-55,8061
89,2442,-55,7176
89,1457,-55,6298
89,0465,-55,5427
88,9468,-55,4563
88,8465,-55,3707
88,7455,-55,2857
88,6440,-55,2014
88,5418,-55,1179
88,4391,-55,0351
88,3358,-54,9530
88,2319,-54,8717
88,1274,-54,7911
88,0224,-54,7112
87,9168,-54,6321
87,8107,-54,5537
87,7040,-54,4761
87,5967,-54,3992
87,4889,-54,3231
87,3806,-54,2478
87,2718,-54,1732
87,1624,-54,0994
87,0525,-54,0264
86,9421,-53,9541
86,8312,-53,8826
86,7198,-53,8120
86,6078,-53,7421
86,4954,-53,6730
86,3825,-53,6047
86,2692,-53,5372
86,1553,-53,4704
86,0410,-53,4046
85,9262,-53,3395
85,8110,-53,2752
85,6953,-53,2117
85,5792,-53,1491
85,4626,-53,0873
85,3456,-53,0263
85,2282,-52,9661
85,1103,-52,9068
84,9921,-52,8483
84,8734,-52,7907
84,7543,-52,7338
84,6348,-52,6779
84,5149,-52,6227
84,3947,-52,5685
84,2740,-52,5150
84,1530,-52,4625
84,0316,-52,4107
83,9098,-52,3599
83,7877,-52,3099
83,6653,-52,2608
83,5425,-52,2125
83,4193,-52,1651
83,2959,-52,1186
83,1721,-52,0729
83,0479,-52,0281
82,9235,-51,9843
82,7988,-51,9412
82,6737,-51,8991
82,5484,-51,8579
82,4228,-51,8175
82,2969,-51,7780
82,1707,-51,7395
82,0442,-51,7018
81,9175,-51,6650
81,7906,-51,6291
81,6633,-51,5941
81,5359,-51,5600
81,4082,-51,5268
81,2802,-51,4945
81,1521,-51,4631
81,0237,-51,4326
80,8951,-51,4031
80,7663,-51,3744
80,6373,-51,3466
80,5081,-51,3198
80,3788,-51,2939
80,2492,-51,2689
80,1195,-51,2448
79,9896,-51,2216
79,8595,-51,1993
79,7293,-51,1780
79,5990,-51,1576
79,4685,-51,1381
79,3378,-51,1195
79,2071,-51,1019
79,0762,-51,0852
78,9452,-51,0694
78,8141,-51,0545
78,6829,-51,0406
78,5516,-51,0275
78,4202,-51,0154
78,2887,-51,0043
78,1572,-50,9941
78,0255,-50,9848
77,8939,-50,9764
77,7621,-50,9690
77,6303,-50,9625
77,4985,-50,9569
77,3666,-50,9522
77,2347,-50,9485
77,1028,-50,9458
76,9709,-50,9439
76,8389,-50,9430
76,7070,-50,9430
76,5751,-50,9440
76,4431,-50,9459
76,3112,-50,9487
76,1793,-50,9524
76,0474,-50,9571
75,9156,-50,9627
75,7838,-50,9693
75,6521,-50,9767
75,5204,-50,9852
75,3888,-50,9945
75,2573,-51,0048
75,1258,-51,0160
74,9944,-51,0281
74,8631,-51,0412
74,7319,-51,0551
74,6008,-51,0700
74,4698,-51,0859
74,3389,-51,1027
74,2082,-51,1203
74,0775,-51,1390
73,9471,-51,1585
73,8167,-51,1789
73,6865,-51,2003
73,5565,-51,2226
73,4266,-51,2458
73,2968,-51,2700
73,1673,-51,2950
73,0379,-51,3210
72,9087,-51,3479
72,7798,-51,3757
72,6510,-51,4044
72,5224,-51,4340
72,3940,-51,4645
72,2659,-51,4959
72,1380,-51,5282
72,0103,-51,5615
71,8828,-51,5956
71,7556,-51,6307
71,6286,-51,6666
71,5019,-51,7034
71,3755,-51,7411
71,2493,-51,7798
71,1234,-51,8193
70,9978,-51,8597
70,8725,-51,9010
70,7475,-51,9431
70,6228,-51,9862
70,4983,-52,0301
70,3742,-52,0749
70,2505,-52,1206
70,1270,-52,1672
70,0039,-52,2146
69,8811,-52,2629
69,7586,-52,3121
69,6365,-52,3621
69,5148,-52,4130
69,3934,-52,4648
69,2724,-52,5174
69,1518,-52,5709
69,0316,-52,6252
68,9117,-52,6803
68,7922,-52,7363
68,6732,-52,7932
68,5545,-52,8509
68,4362,-52,9094
68,3184,-52,9688
68,2010,-53,0290
68,0840,-53,0900
67,9674,-53,1519
67,8513,-53,2145
67,7357,-53,2780
67,6205,-53,3423
67,5057,-53,4075
67,3914,-53,4734
67,2776,-53,5401
67,1642,-53,6077
67,0514,-53,6760
66,9390,-53,7452
66,8271,-53,8151
66,7157,-53,8858
66,6048,-53,9573
66,4944,-54,0296
66,3845,-54,1027
66,2752,-54,1765
66,1664,-54,2511
66,0581,-54,3265
65,9503,-54,4026
65,8431,-54,4795
65,7364,-54,5572
65,6303,-54,6356
65,5247,-54,7147
65,4197,-54,7946
65,3153,-54,8753
65,2114,-54,9567
65,1081,-55,0388
65,0054,-55,1216
64,9033,-55,2052
64,8018,-55,2895
64,7009,-55,3745
64,6006,-55,4602
64,5008,-55,5466
64,4018,-55,6337
64,3033,-55,7215
64,2054,-55,8100
64,1082,-55,8992
64,0116,-55,9891
63,9156,-56,0797
63,8203,-56,1709
63,7257,-56,2628
63,6316,-56,3554
63,5383,-56,4486
63,4456,-56,5425
63,3535,-56,6371
63,2622,-56,7323
63,1715,-56,8281
63,0815,-56,9246
62,9922,-57,0217
62,9035,-57,1195
62,8156,-57,2179
62,7284,-57,3168
62,6418,-57,4164
62,5560,-57,5167
62,4709,-57,6175
62,3865,-57,7189
62,3028,-57,8209
62,2198,-57,9235
62,1376,-58,0267
62,0560,-58,1304
61,9753,-58,2348
61,8952,-58,3397
61,8160,-58,4451
61,7374,-58,5512
61,6596,-58,6577
61,5826,-58,7649
61,5063,-58,8725
61,4308,-58,9807
61,3560,-59,0895
61,2821,-59,1987
61,2089,-59,3085
61,1364,-59,4188
61,0648,-59,5296
60,9939,-59,6409
60,9239,-59,7527
60,8546,-59,8650
60,7861,-59,9778
60,7184,-60,0911
60,6515,-60,2048
60,5855,-60,3190
60,5202,-60,4337
60,4558,-60,5488
60,3921,-60,6644
60,3293,-60,7804
60,2673,-60,8969
60,2061,-61,0138
60,1458,-61,1311
60,0863,-61,2489
60,0276,-61,3671
59,9697,-61,4857
59,9127,-61,6047
59,8566,-61,7241
59,8013,-61,8439
59,7468,-61,9640
59,6932,-62,0846
59,6404,-62,2055
59,5885,-62,3269
59,5375,-62,4485
59,4873,-62,5706
59,4379,-62,6929
59,3895,-62,8157
59,3419,-62,9387
59,2952,-63,0621
59,2493,-63,1859
59,2044,-63,3099
59,1603,-63,4343
59,1171,-63,5589
59,0747,-63,6839
59,0333,-63,8092
58,9927,-63,9347
58,9531,-64,0606
58,9143,-64,1867
58,8764,-64,3131
58,8394,-64,4397
58,8033,-64,5667
58,7681,-64,6938
58,7338,-64,8212
58,7004,-64,9489
58,6679,-65,0768
58,6364,-65,2049
58,6057,-65,3332
58,5759,-65,4618
58,5470,-65,5905
58,5191,-65,7195
58,4920,-65,8486
58,4659,-65,9779
58,4407,-66,1075
58,4164,-66,2371
58,3930,-66,3670
58,3706,-66,4970
58,3490,-66,6272
58,3284,-66,7575
58,3087,-66,8880
58,2899,-67,0186
58,2721,-67,1493
58,2551,-67,2802
58,2391,-67,4112
58,2241,-67,5422
58,2099,-67,6734
58,1967,-67,8047
58,1844,-67,9361
58,1730,-68,0675
58,1626,-68,1991
58,1531,-68,3307
58,1445,-68,4623
58,1369,-68,5941
58,1302,-68,7258
58,1244,-68,8577
58,1195,-68,9895
58,1156,-69,1214
58,1126,-69,2533
58,1106,-69,3853
58,1095,-69,5172
58,1093,-69,6491
58,1100,-69,7811
58,1117,-69,9130
58,1143,-70,0449
58,1179,-70,1768
58,1223,-70,3087
58,1277,-70,4405
58,1341,-70,5723
58,1414,-70,7041
58,1496,-70,8358
58,1587,-70,9674
58,1688,-71,0990
58,1797,-71,2305
58,1917,-71,3619
58,2045,-71,4932
58,2183,-71,6244
58,2330,-71,7555
58,2486,-71,8866
58,2652,-72,0175
58,2827,-72,1482
58,3011,-72,2789
58,3204,-72,4094
58,3407,-72,5398
58,3618,-72,6700
58,3839,-72,8001
58,4069,-72,9300
58,4309,-73,0598
58,4557,-73,1894
58,4815,-73,3188
58,5082,-73,4480
58,5357,-73,5771
58,5642,-73,7059
58,5937,-73,8345
58,6240,-73,9629
58,6552,-74,0911
58,6873,-74,2191
58,7204,-74,3468
58,7543,-74,4744
58,7891,-74,6016
58,8249,-74,7286
58,8615,-74,8554
58,8990,-74,9819
58,9375,-75,1081
58,9768,-75,2341
59,0170,-75,3597
59,0581,-75,4851
59,1000,-75,6102
59,1429,-75,7350
59,1885,-75,8648
59,2515,-76,0425
59,3145,-76,2202
59,3775,-76,3978
59,4405,-76,5755
59,5034,-76,7531
59,5664,-76,9308
59,6294,-77,1085
59,6924,-77,2861
59,7554,-77,4638
59,8184,-77,6414
59,8814,-77,8191
59,9443,-77,9968
60,0073,-78,1744
60,0703,-78,3521
60,1333,-78,5297
60,1963,-78,7074
60,2593,-78,8851
60,3223,-79,0627
60,3853,-79,2404
60,4482,-79,4180
60,5112,-79,5957
60,5742,-79,7734
60,6372,-79,9510
60,7002,-80,1287
60,7632,-80,3063
60,8262,-80,4840
60,8891,-80,6617
60,9521,-80,8393
61,0151,-81,0170
61,0781,-81,1947
61,1411,-81,3723
61,2041,-81,5500
61,2671,-81,7276
61,3300,-81,9053
61,3930,-82,0830
61,4560,-82,2606
61,5190,-82,4383
61,5820,-82,6159
61,6450,-82,7936
61,7080,-82,9713
61,7709,-83,1489
61,8339,-83,3266
61,8969,-83,5042
61,9599,-83,6819
62,0229,-83,8596
62,0859,-84,0372
62,1489,-84,2149
62,2119,-84,3925
62,2748,-84,5702
62,3378,-84,7479
62,4008,-84,9255
62,4638,-85,1032
62,5268,-85,2808
62,5898,-85,4585
62,6528,-85,6362
62,7157,-85,8138
62,7787,-85,9915
62,8417,-86,1692
62,9047,-86,3468
62,9677,-86,5245
63,0307,-86,7021
63,0937,-86,8798
63,1566,-87,0575
63,2196,-87,2351
63,2826,-87,4128
63,3456,-87,5904
63,4086,-87,7681
63,4716,-87,9458
63,5346,-88,1234
63,5975,-88,3011
63,6605,-88,4787
63,7235,-88,6564
63,7865,-88,8341
63,8495,-89,0117
63,9125,-89,1894
63,9755,-89,3670
64,0385,-89,5447
64,1014,-89,7224
64,1644,-89,9000
64,2274,-90,0777
64,2904,-90,2553
64,3534,-90,4330
64,4164,-90,6107
64,4794,-90,7883
64,5423,-90,9660
64,6053,-91,1437
64,6683,-91,3213
64,7313,-91,4990
64,7943,-91,6766
64,8573,-91,8543
64,9203,-92,0320
64,9832,-92,2096
65,0462,-92,3873
65,1092,-92,5649
65,1722,-92,7426
65,2352,-92,9203
65,2982,-93,0979
65,3612,-93,2756
65,4242,-93,4532
65,4871,-93,6309
65,5501,-93,8086
65,6131,-93,9862
65,6761,-94,1639
65,7391,-94,3415
65,8021,-94,5192
65,8651,-94,6969
65,9280,-94,8745
65,9910,-95,0522
66,0540,-95,2298
66,1170,-95,4075
66,1800,-95,5852
66,2430,-95,7628
66,3060,-95,9405
66,3689,-96,1181
66,4319,-96,2958
66,4949,-96,4735
66,5579,-96,6511
66,6209,-96,8288
66,6839,-97,0065
66,7469,-97,1841
66,8098,-97,3618
66,8728,-97,5394
66,9358,-97,7171
66,9988,-97,8948
67,0618,-98,0724
67,1248,-98,2501
67,1878,-98,4277
67,2508,-98,6054
67,3137,-98,7831
67,3767,-98,9607
67,4397,-99,1384
67,5027,-99,3160
67,5657,-99,4937
67,6287,-99,6714
67,6917,-99,8490
67,7546,-100,0267
67,8176,-100,2043
67,8806,-100,3820
67,9262,-100,5118
67,9691,-100,6366
68,0111,-100,7617
68,0522,-100,8871
68,0924,-101,0128
68,1317,-101,1387
68,1701,-101,2649
68,2076,-101,3914
68,2443,-101,5182
68,2800,-101,6452
68,3148,-101,7725
68,3488,-101,9000
68,3818,-102,0277
68,4139,-102,1557
68,4452,-102,2839
68,4755,-102,4123
68,5049,-102,5410
68,5334,-102,6698
68,5610,-102,7988
68,5876,-102,9280
68,6134,-103,0574
68,6383,-103,1870
68,6622,-103,3168
68,6852,-103,4467
68,7073,-103,5768
68,7285,-103,7070
68,7487,-103,8374
68,7680,-103,9679
68,7865,-104,0986
68,8039,-104,2294
68,8205,-104,3603
68,8361,-104,4913
68,8508,-104,6224
68,8646,-104,7537
68,8775,-104,8850
68,8894,-105,0164
68,9004,-105,1479
68,9104,-105,2794
68,9196,-105,4111
68,9278,-105,5427
68,9350,-105,6745
68,9414,-105,8063
68,9468,-105,9381
68,9513,-106,0700
68,9548,-106,2019
68,9574,-106,3338
68,9591,-106,4658
68,9598,-106,5977
68,9597,-106,7296
68,9585,-106,8616
68,9565,-106,9935
68,9535,-107,1254
68,9496,-107,2573
68,9447,-107,3892
68,9390,-107,5210
68,9322,-107,6528
68,9246,-107,7845
68,9160,-107,9162
68,9065,-108,0478
68,8961,-108,1793
68,8847,-108,3108
68,8724,-108,4421
68,8592,-108,5734
68,8451,-108,7046
68,8300,-108,8357
68,8140,-108,9667
68,7971,-109,0975
68,7792,-109,2282
68,7604,-109,3588
68,7407,-109,4893
68,7201,-109,6196
68,6986,-109,7498
68,6761,-109,8798
68,6527,-110,0097
68,6284,-110,1394
68,6032,-110,2689
68,5771,-110,3982
68,5500,-110,5274
68,5221,-110,6563
68,4932,-110,7851
68,4635,-110,9136
68,4328,-111,0420
68,4012,-111,1701
68,3687,-111,2979
68,3353,-111,4256
68,3010,-111,5530
68,2658,-111,6802
68,2297,-111,8071
68,1927,-111,9337
68,1548,-112,0601
68,1161,-112,1863
68,0764,-112,3121
68,0358,-112,4377
67,9944,-112,5629
67,9521,-112,6879
67,9088,-112,8126
67,8648,-112,9369
67,8198,-113,0610
67,7739,-113,1847
67,7272,-113,3081
67,6796,-113,4312
67,6312,-113,5539
67,5819,-113,6763
67,5317,-113,7983
67,4806,-113,9200
67,4287,-114,0413
67,3760,-114,1622
67,3223,-114,2828
67,2679,-114,4030
67,2126,-114,5228
67,1564,-114,6422
67,0994,-114,7612
67,0415,-114,8797
66,9829,-114,9979
66,9233,-115,1157
66,8630,-115,2330
66,8018,-115,3499
66,7398,-115,4664
66,6770,-115,5824
66,6134,-115,6980
66,5489,-115,8132
66,4837,-115,9278
66,4176,-116,0420
66,3507,-116,1558
66,2830,-116,2691
66,2145,-116,3818
66,1453,-116,4941
66,0752,-116,6059
66,0043,-116,7172
65,9327,-116,8280
65,8603,-116,9383
65,7871,-117,0481
65,7131,-117,1574
65,6383,-117,2661
65,5628,-117,3743
65,4865,-117,4820
65,4095,-117,5891
65,3317,-117,6957
65,2532,-117,8017
65,1739,-117,9072
65,0939,-118,0121
65,0131,-118,1164
64,9316,-118,2202
64,8493,-118,3233
64,7664,-118,4259
64,6827,-118,5280
64,5983,-118,6294
64,5131,-118,7302
64,4273,-118,8304
64,3408,-118,9300
64,2535,-119,0290
64,1656,-119,1274
64,0770,-119,2251
63,9876,-119,3222
63,8976,-119,4187
63,8069,-119,5145
63,7156,-119,6097
63,6235,-119,7043
63,5309,-119,7982
63,4375,-119,8914
63,3435,-119,9840
63,2488,-120,0759
63,1535,-120,1672
63,0575,-120,2577
62,9609,-120,3476
62,8637,-120,4368
62,7659,-120,5253
62,6674,-120,6131
62,5683,-120,7003
62,4686,-120,7867
62,3682,-120,8724
62,2673,-120,9574
62,1658,-121,0417
62,0637,-121,1252
61,9610,-121,2081
61,8577,-121,2902
61,7538,-121,3716
61,6494,-121,4522
61,5444,-121,5321
61,4388,-121,6113
61,3327,-121,6897
61,2260,-121,7673
61,1188,-121,8442
61,0111,-121,9204
60,9028,-121,9957
60,7939,-122,0703
60,6846,-122,1442
60,5747,-122,2173
60,4643,-122,2895
60,3534,-122,3610
60,2420,-122,4318
60,1301,-122,5017
60,0178,-122,5708
59,9049,-122,6392
59,7915,-122,7067
59,6777,-122,7734
59,5634,-122,8394
59,4487,-122,9045
59,3335,-122,9688
59,2178,-123,0323
59,1017,-123,0950
58,9851,-123,1568
58,8681,-123,2178
58,7507,-123,2780
58,6329,-123,3374
58,5146,-123,3959
58,3960,-123,4536
58,2769,-123,5105
58,1574,-123,5665
58,0376,-123,6217
57,9173,-123,6760
57,7967,-123,7295
57,6757,-123,7821
57,5543,-123,8338
57,4326,-123,8847
57,3105,-123,9347
57,1514,-123,9989
56,9766,-124,0694
56,8018,-124,1399
56,6270,-124,2104
56,4521,-124,2809
56,2773,-124,3514
56,1025,-124,4219
55,9277,-124,4924
55,7529,-124,5629
55,5780,-124,6333
55,4032,-124,7038
55,2284,-124,7743
55,0536,-124,8448
54,8788,-124,9153
54,7040,-124,9858
54,5291,-125,0563
54,3543,-125,1268
54,1795,-125,1973
54,0047,-125,2677
53,8299,-125,3382
53,6550,-125,4087
53,4802,-125,4792
53,3054,-125,5497
53,1306,-125,6202
52,9558,-125,6907
52,7809,-125,7612
52,6061,-125,8317
52,4313,-125,9022
52,2565,-125,9726
52,0817,-126,0431
51,9068,-126,1136
51,7320,-126,1841
51,5572,-126,2546
51,3824,-126,3251
51,2076,-126,3956
51,0327,-126,4661
50,8579,-126,5366
50,6831,-126,6071
50,5083,-126,6775
50,3335,-126,7480
50,1586,-126,8185
49,9838,-126,8890
49,8090,-126,9595
49,6342,-127,0300
49,4594,-127,1005
49,2846,-127,1710
49,1097,-127,2415
48,9349,-127,3119
48,7601,-127,3824
48,5853,-127,4529
48,4105,-127,5234
48,2356,-127,5939
48,0608,-127,6644
47,8860,-127,7349
47,7112,-127,8054
47,5364,-127,8759
47,3615,-127,9464
47,1867,-128,0168
47,0119,-128,0873
46,8371,-128,1578
46,6623,-128,2283
46,4874,-128,2988
46,3126,-128,3693
46,1378,-128,4398
45,9630,-128,5103
45,7882,-128,5808
45,6133,-128,6513
45,4385,-128,7217
45,2637,-128,7922
45,0889,-128,8627
44,9141,-128,9332
44,7393,-129,0037
44,5644,-129,0742
44,3896,-129,1447
44,2148,-129,2152
44,0400,-129,2857
43,8652,-129,3561
43,6903,-129,4266
43,5155,-129,4971
43,3407,-129,5676
43,1659,-129,6381
42,9911,-129,7086
42,8162,-129,7791
42,6414,-129,8496
42,4666,-129,9201
42,2918,-129,9906
42,1170,-130,0610
41,9421,-130,1315
41,7673,-130,2020
41,5925,-130,2725
41,4177,-130,3430
41,2429,-130,4135
41,0680,-130,4840
40,8932,-130,5545
40,7184,-130,6250
40,5436,-130,6954
40,3688,-130,7659
40,1939,-130,8364
40,0191,-130,9069
39,8443,-130,9774
39,6695,-131,0479
39,4947,-131,1184
39,3199,-131,1889
39,1450,-131,2594
38,9702,-131,3299
38,7954,-131,4003
38,6206,-131,4708
38,4458,-131,5413
38,2709,-131,6118
38,0961,-131,6823
37,9213,-131,7528
37,7465,-131,8233
37,5717,-131,8938
37,3968,-131,9643
37,2220,-132,0348
37,0472,-132,1052
36,9247,-132,1542
36,8018,-132,2022
36,6785,-132,2494
36,5550,-132,2957
36,4311,-132,3411
36,3069,-132,3856
36,1824,-132,4293
36,0576,-132,4721
35,9325,-132,5140
35,8071,-132,5550
35,6814,-132,5952
35,5554,-132,6344
35,4291,-132,6728
35,3026,-132,7102
35,1758,-132,7468
35,0488,-132,7824
34,9215,-132,8172
34,7940,-132,8511
34,6662,-132,8840
34,5382,-132,9161
34,4100,-132,9473
34,2816,-132,9775
34,1529,-133,0068
34,0241,-133,0353
33,8951,-133,0628
33,7658,-133,0894
33,6364,-133,1151
33,5068,-133,1399
33,3770,-133,1637
33,2471,-133,1867
33,1170,-133,2087
32,9867,-133,2298
32,8563,-133,2500
32,7258,-133,2692
32,5951,-133,2876
32,4644,-133,3050
32,3334,-133,3215
32,2024,-133,3370
32,0713,-133,3516
31,9400,-133,3654
31,8087,-133,3781
31,6773,-133,3900
31,5458,-133,4009
31,4142,-133,4109
31,2826,-133,4200
31,1509,-133,4281
31,0192,-133,4353
30,8874,-133,4415
30,7555,-133,4469
30,6237,-133,4513
30,4918,-133,4548
30,3598,-133,4573
30,2279,-133,4589
30,0960,-133,4596
29,9640,-133,4593
29,8321,-133,4581
29,7001,-133,4560
29,5682,-133,4529
29,4363,-133,4490
29,3045,-133,4440
29,1727,-133,4382
29,0409,-133,4314
28,9092,-133,4237
28,7775,-133,4150
28,6459,-133,4055
28,5144,-133,3949
28,3829,-133,3835
28,2516,-133,3711
28,1203,-133,3579
27,9891,-133,3436
27,8580,-133,3285
27,7271,-133,3124
27,5962,-133,2954
27,4655,-133,2775
27,3349,-133,2586
27,2045,-133,2389
27,0741,-133,2182
26,9440,-133,1966
26,8140,-133,1740
26,6841,-133,1506
26,5544,-133,1262
26,4249,-133,1009
26,2956,-133,0747
26,1665,-133,0476
26,0376,-133,0196
25,9088,-132,9907
25,7803,-132,9608
25,6520,-132,9301
25,5239,-132,8984
25,3960,-132,8658
25,2684,-132,8324
25,1410,-132,7980
25,0139,-132,7627
24,8870,-132,7266
24,7603,-132,6895
24,6340,-132,6516
24,5079,-132,6127
24,3820,-132,5730
24,2565,-132,5323
24,1313,-132,4908
24,0063,-132,4484
23,8817,-132,4052
23,7573,-132,3610
23,6333,-132,3160
23,5096,-132,2701
23,3862,-132,2233
23,2632,-132,1756
23,1405,-132,1271
23,0181,-132,0777
22,8961,-132,0274
22,7745,-131,9763
22,6532,-131,9244
22,5323,-131,8715
22,4118,-131,8178
22,2916,-131,7633
22,1719,-131,7079
22,0525,-131,6517
21,9335,-131,5946
21,8150,-131,5367
21,6968,-131,4780
21,5791,-131,4184
21,4618,-131,3580
21,3449,-131,2967
21,2285,-131,2347
21,1125,-131,1718
20,9969,-131,1081
20,8818,-131,0436
20,7672,-130,9783
20,6530,-130,9121
20,5393,-130,8452
20,4261,-130,7774
20,3133,-130,7089
20,2011,-130,6395
20,0893,-130,5694
19,9780,-130,4985
19,8673,-130,4268
19,7570,-130,3543
19,6473,-130,2810
19,5381,-130,2070
19,4294,-130,1322
19,3212,-130,0566
19,2136,-129,9803
19,1065,-129,9032
19,0000,-129,8253
18,8940,-129,7467
18,7886,-129,6674
18,6837,-129,5873
18,5794,-129,5065
18,4757,-129,4249
18,3726,-129,3426
18,2700,-129,2596
18,1680,-129,1758
18,0667,-129,0914
17,9659,-129,0062
17,8657,-128,9203
17,7662,-128,8337
17,6673,-128,7464
17,5689,-128,6584
17,4712,-128,5697
17,3742,-128,4804
17,2777,-128,3903
17,1819,-128,2996
17,0868,-128,2082
16,9923,-128,1161
16,8984,-128,0233
16,8053,-127,9299
16,7127,-127,8358
16,6209,-127,7411
16,5297,-127,6458
16,4392,-127,5498
16,3493,-127,4531
16,2602,-127,3558
16,1717,-127,2579
16,0840,-127,1594
15,9969,-127,0603
15,9105,-126,9605
15,8249,-126,8601
15,7399,-126,7592
15,6557,-126,6576
15,5722,-126,5554
15,4894,-126,4527
15,4074,-126,3494
15,3261,-126,2454
15,2455,-126,1410
15,1656,-126,0359
15,0865,-125,9303
15,0082,-125,8241
14,9306,-125,7174
14,8537,-125,6102
14,7777,-125,5024
14,7023,-125,3940
14,6278,-125,2852
14,5540,-125,1758
14,4810,-125,0659
14,4088,-124,9554
14,3373,-124,8445
14,2667,-124,7331
14,1968,-124,6211
14,1277,-124,5087
14,0595,-124,3958
13,9920,-124,2824
13,9253,-124,1686
13,8594,-124,0542
13,7944,-123,9394
13,7301,-123,8242
13,6667,-123,7085
13,6041,-123,5923
13,5423,-123,4758
13,4814,-123,3587
13,4212,-123,2413
13,3619,-123,1234
13,3034,-123,0051
13,2458,-122,8864
13,1890,-122,7673
13,1331,-122,6478
13,0780,-122,5279
13,0237,-122,4077
12,9703,-122,2870
12,9178,-122,1660
12,8661,-122,0446
12,8153,-121,9228
12,7653,-121,8007
12,7162,-121,6782
12,6680,-121,5554
12,6206,-121,4323
12,5741,-121,3088
12,5285,-121,1850
12,4837,-121,0608
12,4399,-120,9364
12,3969,-120,8116
12,3548,-120,6866
12,3136,-120,5613
12,2732,-120,4356
12,2338,-120,3097
12,1953,-120,1835
12,1576,-120,0571
12,1208,-119,9303
12,0850,-119,8034
12,0500,-119,6761
12,0159,-119,5487
11,9828,-119,4209
11,9505,-119,2930
11,9192,-119,1648
11,8887,-119,0364
11,8592,-118,9079
11,8305,-118,7790
11,8028,-118,6500
11,7760,-118,5209
11,7501,-118,3915
11,7251,-118,2619
11,7011,-118,1322
11,6779,-118,0023
11,6557,-117,8722
11,6344,-117,7420
11,6140,-117,6116
11,5945,-117,4811
11,5760,-117,3505
11,5584,-117,2197
11,5417,-117,0888
11,5259,-116,9578
11,5111,-116,8267
11,4972,-116,6955
11,4842,-116,5642
11,4721,-116,4328
11,4610,-116,3013
11,4508,-116,1698
11,4415,-116,0382
11,4332,-115,9065
11,4258,-115,7748
11,4193,-115,6430
11,4138,-115,5111
11,4092,-115,3793
11,4055,-115,2474
11,4028,-115,1155
11,4009,-114,9835
11,4001,-114,8516
11,4001,-114,7196
11,4011,-114,5877
11,4030,-114,4558
11,4059,-114,3238
11,4096,-114,1919
11,4144,-114,0601
11,4200,-113,9283
11,4266,-113,7965
11,4341,-113,6647
11,4425,-113,5331
11,4519,-113,4015
11,4622,-113,2699
11,4734,-113,1384
11,4856,-113,0071
11,4987,-112,8758
11,5127,-112,7446
11,5276,-112,6135
11,5435,-112,4825
11,5603,-112,3516
11,5780,-112,2208
11,5967,-112,0902
11,6162,-111,9597
11,6367,-111,8294
11,6581,-111,6992
11,6804,-111,5691
11,7037,-111,4393
11,7279,-111,3096
11,7529,-111,1800
11,7789,-111,0506
11,8058,-110,9215
11,8337,-110,7925
11,8624,-110,6637
11,8920,-110,5351
11,9226,-110,4068
11,9540,-110,2786
11,9864,-110,1507
12,0197,-110,0230
12,0538,-109,8956
12,0889,-109,7684
12,1249,-109,6414
12,1617,-109,5147
12,1995,-109,3883
12,2381,-109,2622
12,2777,-109,1363
12,3181,-109,0107
12,3594,-108,8854
12,4016,-108,7603
12,4447,-108,6356
12,4887,-108,5112
12,5335,-108,3871
12,5792,-108,2634
12,6258,-108,1399
12,6733,-108,0168
12,7216,-107,8940
12,7708,-107,7716
12,8209,-107,6495
12,8718,-107,5278
12,9236,-107,4064
12,9762,-107,2854
13,0297,-107,1648
13,0841,-107,0446
13,1393,-106,9247
13,1953,-106,8053
13,2522,-106,6862
13,3099,-106,5676
13,3685,-106,4493
13,4279,-106,3315
13,4881,-106,2141
13,5491,-106,0971
13,6110,-105,9806
13,6737,-105,8645
13,7372,-105,7489
13,8016,-105,6337
13,8667,-105,5189
13,9327,-105,4046
13,9994,-105,2908
14,0670,-105,1775
14,1354,-105,0646
14,2045,-104,9523
14,2745,-104,8404
14,3452,-104,7290
14,4168,-104,6181
14,4891,-104,5078
14,5622,-104,3979
14,6360,-104,2886
14,7107,-104,1798
14,7861,-104,0715
14,8622,-103,9638
14,9392,-103,8566
15,0169,-103,7499
15,0953,-103,6438
15,1745,-103,5382
15,2544,-103,4333
15,3351,-103,3288
15,4165,-103,2250
15,4986,-103,1217
15,5815,-103,0191
15,6650,-102,9170
15,7493,-102,8155
15,8597,-102,6841
15,9809,-102,5398
16,1022,-102,3955
16,2234,-102,2511
16,3447,-102,1068
16,4659,-101,9625
16,5872,-101,8182
16,7084,-101,6739
16,8297,-101,5296
16,9510,-101,3852
17,0722,-101,2409
17,1935,-101,0966
17,3147,-100,9523
17,4360,-100,8080
17,5572,-100,6636
17,6785,-100,5193
17,7997,-100,3750
17,9210,-100,2307
18,0422,-100,0864
18,1635,-99,9420
18,2848,-99,7977
18,4060,-99,6534
18,5273,-99,5091
18,6485,-99,3648
18,7698,-99,2205
18,8910,-99,0761
19,0123,-98,9318
19,1335,-98,7875
19,2548,-98,6432
19,3760,-98,4989
19,4973,-98,3545
19,6186,-98,2102
19,7398,-98,0659
19,8611,-97,9216
19,9823,-97,7773
20,1036,-97,6329
20,2248,-97,4886
20,3461,-97,3443
20,4673,-97,2000
20,5886,-97,0557
20,7098,-96,9114
20,8311,-96,7670
20,9524,-96,6227
21,0736,-96,4784
21,1949,-96,3341
21,3161,-96,1898
21,4374,-96,0454
21,5586,-95,9011
21,6799,-95,7568
21,8011,-95,6125
21,9224,-95,4682
22,0436,-95,3238
22,1649,-95,1795
22,2862,-95,0352
22,4074,-94,8909
22,5104,-94,7681
22,5945,-94,6665
22,6780,-94,5643
22,7607,-94,4615
22,8427,-94,3581
22,9239,-94,2542
23,0045,-94,1496
23,0842,-94,0445
23,1633,-93,9389
23,2416,-93,8327
23,3191,-93,7259
23,3959,-93,6186
23,4719,-93,5107
23,5471,-93,4024
23,6216,-93,2934
23,6953,-93,1840
23,7683,-93,0740
23,8404,-92,9636
23,9118,-92,8526
23,9824,-92,7411
24,0522,-92,6291
24,1212,-92,5167
24,1894,-92,4037
24,2568,-92,2903
24,3234,-92,1764
24,3892,-92,0620
24,4542,-91,9472
24,5183,-91,8319
24,5817,-91,7162
24,6442,-91,6000
24,7060,-91,4834
24,7668,-91,3663
24,8269,-91,2488
24,8861,-91,1309
24,9445,-91,0126
25,0021,-90,8939
25,0588,-90,7747
25,1147,-90,6552
25,1697,-90,5353
25,2239,-90,4149
25,2772,-90,2943
25,3297,-90,1732
25,3813,-90,0518
25,4320,-89,9300
25,4819,-89,8078
25,5309,-89,6853
25,5791,-89,5625
25,6264,-89,4393
25,6728,-89,3158
25,7183,-89,1919
25,7630,-89,0678
25,8068,-88,9433
25,8497,-88,8185
25,8917,-88,6935
25,9329,-88,5681
25,9731,-88,4424
26,0125,-88,3165
26,0509,-88,1903
26,0885,-88,0638
26,1252,-87,9370
26,1610,-87,8100
26,1959,-87,6828
26,2299,-87,5553
26,2629,-87,4276
26,2951,-87,2996
26,3264,-87,1714
26,3568,-87,0430
26,3862,-86,9144
26,4148,-86,7856
26,4424,-86,6566
26,4691,-86,5273
26,4950,-86,3979
26,5199,-86,2684
26,5438,-86,1386
26,5669,-86,0087
26,5890,-85,8786
26,6103,-85,7484
26,6306,-85,6180
26,6500,-85,4875
26,6684,-85,3569
26,6859,-85,2261
26,7026,-85,0952
26,7182,-84,9642
26,7330,-84,8331
26,7468,-84,7018
26,7597,-84,5705
26,7717,-84,4391
26,7827,-84,3076
26,7929,-84,1761
26,8020,-84,0445
26,8103,-83,9128
26,8176,-83,7810
26,8240,-83,6492
26,8295,-83,5174
26,8340,-83,3855
26,8376,-83,2536
26,8403,-83,1217
26,8420,-82,9898
26,8428,-82,8578
26,8427,-82,7259
26,8416,-82,5939
26,8396,-82,4620
26,8367,-82,3301
26,8328,-82,1982
26,8280,-82,0664
26,8223,-81,9345
26,8156,-81,8027
26,8080,-81,6710
26,7995,-81,5394
26,7900,-81,4077
26,7797,-81,2762
26,7683,-81,1447
26,7561,-81,0134
26,7429,-80,8821
26,7288,-80,7509
26,7138,-80,6198
26,6979,-80,4888
26,6810,-80,3580
26,6632,-80,2272
26,6445,-80,0966
26,6248,-79,9661
26,6042,-79,8358
26,5827,-79,7056
26,5603,-79,5756
26,5370,-79,4457
26,5128,-79,3160
26,4876,-79,1865
26,4615,-79,0571
26,4345,-78,9280
26,4066,-78,7990
26,3778,-78,6703
26,3481,-78,5417
26,3175,-78,4134
26,2859,-78,2852
26,2535,-78,1573
26,2201,-78,0297
26,1859,-77,9023
26,1507,-77,7751
26,1147,-77,6482
26,0778,-77,5215
26,0399,-77,3951
26,0012,-77,2689
25,9616,-77,1431
25,9211,-77,0175
25,8797,-76,8922
25,8374,-76,7672
25,7942,-76,6425
25,7502,-76,5182
25,7053,-76,3941
25,6595,-76,2704
25,6128,-76,1469
25,5653,-76,0239
25,5169,-75,9011
25,4676,-75,7787
25,4174,-75,6567
25,3664,-75,5350
25,3146,-75,4136
25,2619,-75,2927
25,2083,-75,1721
25,1539,-75,0519
25,0986,-74,9321
25,0425,-74,8127
24,9855,-74,6936
24,9107,-74,5393
24,8283,-74,3698
24,7460,-74,2002
24,6637,-74,0306
24,5813,-73,8611
24,4990,-73,6915
24,4167,-73,5219
24,3344,-73,3524
24,2520,-73,1828
24,1697,-73,0132
24,0874,-72,8437
24,0050,-72,6741
23,9227,-72,5045
23,8404,-72,3350
23,7581,-72,1654
23,6757,-71,9958
23,5934,-71,8263
23,5111,-71,6567
23,4288,-71,4871
23,3464,-71,3176
23,2641,-71,1480
23,1818,-70,9784
23,0994,-70,8089
23,0171,-70,6393
22,9348,-70,4697
22,8525,-70,3002
22,7701,-70,1306
22,6878,-69,9610
22,6055,-69,7915
22,5231,-69,6219
22,4408,-69,4523
22,3585,-69,2828
22,2762,-69,1132
22,1938,-68,9436
22,1115,-68,7741
22,0292,-68,6045
21,9469,-68,4349
21,8645,-68,2654
21,7822,-68,0958
21,6999,-67,9262
21,6175,-67,7567
21,5352,-67,5871
21,4529,-67,4175
21,3706,-67,2480
21,2882,-67,0784
21,2059,-66,9088
21,1236,-66,7393
21,0412,-66,5697
20,9589,-66,4001
20,8766,-66,2306
20,7943,-66,0610
20,7119,-65,8914
20,6296,-65,7219
20,5473,-65,5523
20,4650,-65,3827
20,3826,-65,2132
20,3003,-65,0436
20,2180,-64,8740
20,1356,-64,7045
20,0533,-64,5349
19,9710,-64,3653
19,8887,-64,1958
19,8063,-64,0262
19,7240,-63,8566
19,6417,-63,6871
19,5593,-63,5175
19,4770,-63,3480
19,3947,-63,1784
19,3124,-63,0088
19,2300,-62,8393
19,1477,-62,6697
19,0654,-62,5001
18,9831,-62,3306
18,9007,-62,1610
18,8184,-61,9914
18,7361,-61,8219
18,6537,-61,6523
18,5714,-61,4827
18,4891,-61,3132
18,4068,-61,1436
18,3244,-60,9740
18,2421,-60,8045
18,1598,-60,6349
18,0774,-60,4653
17,9951,-60,2958
17,9227,-60,1465
17,8659,-60,0274
17,8098,-59,9080
17,7547,-59,7881
17,7003,-59,6679
17,6468,-59,5473
17,5942,-59,4263
17,5424,-59,3049
17,4915,-59,1832
17,4415,-59,0611
17,3923,-58,9387
17,3439,-58,8159
17,2965,-58,6928
17,2499,-58,5693
17,2042,-58,4455
17,1594,-58,3214
17,1154,-58,1970
17,0723,-58,0723
17,0302,-57,9473
16,9889,-57,8220
16,9484,-57,6964
16,9089,-57,5705
16,8703,-57,4443
16,8325,-57,3179
16,7957,-57,1912
16,7597,-57,0642
16,7247,-56,9370
16,6905,-56,8096
16,6572,-56,6819
16,6249,-56,5540
16,5934,-56,4258
16,5629,-56,2975
16,5333,-56,1689
16,5045,-56,0401
16,4767,-55,9111
16,4498,-55,7820
16,4239,-55,6526
16,3988,-55,5231
16,3746,-55,3933
16,3514,-55,2635
16,3291,-55,1334
16,3077,-55,0032
16,2872,-54,8729
16,2676,-54,7424
16,2490,-54,6118
16,2313,-54,4810
16,2145,-54,3501
16,1987,-54,2191
16,1837,-54,0880
16,1697,-53,9568
16,1566,-53,8255
16,1445,-53,6942
16,1333,-53,5627
16,1230,-53,4311
16,1136,-53,2995
16,1052,-53,1678
16,0977,-53,0361
16,0911,-52,9043
16,0855,-52,7725
16,0808,-52,6406
16,0770,-52,5087
16,0742,-52,3768
16,0723,-52,2449
16,0713,-52,1130
16,0713,-51,9810
16,0721,-51,8491
16,0740,-51,7171
16,0767,-51,5852
16,0804,-51,4533
16,0850,-51,3215
16,0906,-51,1896
16,0971,-51,0578
16,1045,-50,9261
16,1128,-50,7944
16,1221,-50,6628
16,1323,-50,5312
16,1435,-50,3998
16,1555,-50,2684
16,1685,-50,1371
16,1824,-50,0059
16,1973,-49,8748
16,2131,-49,7438
16,2298,-49,6129
16,2474,-49,4821
16,2659,-49,3515
16,2854,-49,2210
16,3058,-49,0906
16,3271,-48,9604
16,3494,-48,8303
16,3725,-48,7004
16,3966,-48,5707
16,4216,-48,4411
16,4475,-48,3118
16,4743,-48,1826
16,5020,-48,0536
16,5307,-47,9248
16,5602,-47,7962
16,5907,-47,6678
16,6221,-47,5396
16,6543,-47,4117
16,6875,-47,2840
16,7216,-47,1565
16,7566,-47,0293
16,7924,-46,9023
16,8292,-46,7756
16,8669,-46,6491
16,9054,-46,5229
16,9449,-46,3970
16,9852,-46,2714
17,0264,-46,1461
17,0686,-46,0210
17,1116,-45,8963
17,1554,-45,7718
17,2002,-45,6477
17,2458,-45,5239
17,2923,-45,4004
17,3397,-45,2773
17,3879,-45,1545
17,4371,-45,0320
17,4870,-44,9099
17,5379,-44,7881
17,5896,-44,6667
17,6421,-44,5457
17,6955,-44,4250
17,7498,-44,3048
17,8049,-44,1849
17,8609,-44,0654
17,9176,-43,9463
17,9753,-43,8276
18,0338,-43,7093
18,0931,-43,5915
18,1532,-43,4740
18,2142,-43,3570
18,2760,-43,2404
18,3386,-43,1243
18,4020,-43,0086
18,4663,-42,8933
18,5314,-42,7786
18,5972,-42,6642
18,6639,-42,5504
18,7314,-42,4370
18,7997,-42,3241
18,8688,-42,2117
18,9387,-42,0997
19,0093,-41,9883
19,0808,-41,8774
19,1530,-41,7670
19,2260,-41,6571
19,2998,-41,5477
19,3744,-41,4388
19,4497,-41,3305
19,5258,-41,2227
19,6026,-41,1154
19,6802,-41,0087
19,7586,-40,9026
19,8377,-40,7970
19,9176,-40,6919
19,9982,-40,5874
20,0795,-40,4835
20,1615,-40,3802
20,2443,-40,2775
20,3278,-40,1753
20,4121,-40,0738
20,4970,-39,9728
20,5827,-39,8724
20,6691,-39,7727
20,7561,-39,6736
20,8439,-39,5750
20,9324,-39,4771
21,0215,-39,3799
21,1114,-39,2832
21,2019,-39,1872
21,2931,-39,0919
21,3849,-38,9972
21,4775,-38,9031
21,5707,-38,8097
21,6645,-38,7170
21,7590,-38,6249
21,8542,-38,5335
21,9500,-38,4427
22,0464,-38,3527
22,1435,-38,2633
22,2412,-38,1746
22,3395,-38,0867
22,4385,-37,9994
22,5381,-37,9128
22,6382,-37,8269
22,7390,-37,7417
22,8404,-37,6573
22,9423,-37,5735
23,0449,-37,4905
23,1480,-37,4082
23,2518,-37,3267
23,3561,-37,2458
23,4609,-37,1658
23,5664,-37,0864
23,6723,-37,0078
23,7789,-36,9300
23,8860,-36,8529
23,9936,-36,7766
24,1018,-36,7010
24,2105,-36,6262
24,3197,-36,5522
24,4294,-36,4789
24,5397,-36,4065
24,6505,-36,3348
24,7617,-36,2639
24,9211,-36,1631
25,0804,-36,0624
25,2397,-35,9616
25,3990,-35,8609
25,5583,-35,7602
25,7176,-35,6594
25,8770,-35,5587
26,0363,-35,4579
26,1956,-35,3572
26,3549,-35,2565
26,5142,-35,1557
26,6736,-35,0550
26,8329,-34,9543
26,9922,-34,8535
27,1515,-34,7528
27,3108,-34,6520
27,4701,-34,5513
27,6295,-34,4506
27,7888,-34,3498
27,9481,-34,2491
28,1074,-34,1483
28,2667,-34,0476
28,4261,-33,9469
28,5854,-33,8461
28,7447,-33,7454
28,9040,-33,6447
29,0633,-33,5439
29,2226,-33,4432
29,3820,-33,3424
29,5413,-33,2417
29,7006,-33,1410
29,8599,-33,0402
30,0192,-32,9395
30,1786,-32,8388
30,3379,-32,7380
30,4972,-32,6373
30,6565,-32,5365
30,8158,-32,4358
30,9752,-32,3351
31,1345,-32,2343
31,2938,-32,1336
31,4531,-32,0328
31,6124,-31,9321
31,7717,-31,8314
31,9311,-31,7306
32,0904,-31,6299
32,2497,-31,5292
32,4090,-31,4284
32,5683,-31,3277
32,7277,-31,2269
32,8870,-31,1262
33,0463,-31,0255
33,2056,-30,9247
33,3649,-30,8240
33,5242,-30,7232
33,6836,-30,6225
33,8429,-30,5218
34,0022,-30,4210
34,1615,-30,3203
34,3208,-30,2196
34,4802,-30,1188
34,6395,-30,0181
34,7988,-29,9173
34,9581,-29,8166
35,1174,-29,7159
35,2767,-29,6151
35,4361,-29,5144
35,5954,-29,4136
35,7547,-29,3129
35,9140,-29,2122
36,0733,-29,1114
36,2327,-29,0107
36,3920,-28,9100
36,5513,-28,8092
36,7106,-28,7085
36,8699,-28,6077
37,0293,-28,5070
37,1886,-28,4063
37,3479,-28,3055
37,5072,-28,2048
37,6665,-28,1040
37,8258,-28,0033
37,9852,-27,9026
38,1445,-27,8018
38,3038,-27,7011
38,4631,-27,6004
38,6224,-27,4996
38,7818,-27,3989
38,9411,-27,2981
39,1004,-27,1974
39,2597,-27,0967
39,4190,-26,9959
39,5783,-26,8952
39,7377,-26,7945
39,8970,-26,6937
40,0563,-26,5930
40,2156,-26,4922
40,3749,-26,3915
40,5343,-26,2908
40,6936,-26,1900
40,8529,-26,0893
41,0122,-25,9885
41,1715,-25,8878
41,3308,-25,7871
41,4902,-25,6863
41,6495,-25,5856
41,8088,-25,4849
41,9681,-25,3841
42,1274,-25,2834
42,2868,-25,1826
42,4461,-25,0819
42,6054,-24,9812
42,7647,-24,8804
42,9240,-24,7797
43,0834,-24,6789
43,2427,-24,5782
43,4020,-24,4775
43,5613,-24,3767
43,7206,-24,2760
43,8799,-24,1753
44,0393,-24,0745
44,1986,-23,9738
44,3579,-23,8730
44,5172,-23,7723
44,6765,-23,6716
44,8359,-23,5708
44,9952,-23,4701
45,1545,-23,3693
45,3138,-23,2686
45,4731,-23,1679
45,6324,-23,0671
45,7918,-22,9664
45,9511,-22,8657
46,1104,-22,7649
46,2697,-22,6642
46,4290,-22,5634
46,5884,-22,4627
46,7477,-22,3620
46,9070,-22,2612
47,0663,-22,1605
47,2256,-22,0597
47,3849,-21,9590
47,5443,-21,8583
47,7036,-21,7575
47,8629,-21,6568
48,0222,-21,5561
48,1815,-21,4553
48,3409,-21,3546
48,5002,-21,2538
48,6595,-21,1531
48,8188,-21,0524
48,9781,-20,9516
49,1375,-20,8509
49,2968,-20,7502
49,4561,-20,6494
49,6154,-20,5487
49,7747,-20,4479
49,9340,-20,3472
50,0934,-20,2465
50,2527,-20,1457
50,4120,-20,0450
50,5713,-19,9442
50,7306,-19,8435
50,8900,-19,7428
51,0493,-19,6420
51,2086,-19,5413
51,3679,-19,4406
51,5272,-19,3398
51,6865,-19,2391
51,8459,-19,1383
52,0052,-19,0376
52,1645,-18,9369
52,3238,-18,8361
52,4831,-18,7354
52,6425,-18,6346
52,8018,-18,5339
52,9563,-18,4362
53,0681,-18,3662
53,1805,-18,2969
53,2933,-18,2284
53,4065,-18,1608
53,5203,-18,0939
53,6345,-18,0279
53,7492,-17,9626
53,8644,-17,8982
53,9800,-17,8346
54,0960,-17,7718
54,2125,-17,7098
54,3294,-17,6487
54,4468,-17,5884
54,5645,-17,5289
54,6827,-17,4702
54,8013,-17,4124
54,9204,-17,3555
55,0398,-17,2993
55,1596,-17,2440
55,2798,-17,1896
55,4003,-17,1360
55,5213,-17,0833
55,6426,-17,0314
55,7643,-16,9804
55,8863,-16,9302
56,0087,-16,8809
56,1315,-16,8325
56,2545,-16,7849
56,3779,-16,7382
56,5017,-16,6924
56,6257,-16,6475
56,7501,-16,6034
56,8748,-16,5602
56,9998,-16,5179
57,1251,-16,4765
57,2506,-16,4360
57,3765,-16,3964
57,5026,-16,3576
57,6290,-16,3198
57,7557,-16,2828
57,8826,-16,2467
58,0098,-16,2116
58,1372,-16,1773
58,2648,-16,1439
58,3927,-16,1115
58,5209,-16,0799
58,6492,-16,0493
58,7777,-16,0195
58,9065,-15,9907
59,0355,-15,9628
59,1646,-15,9358
59,2939,-15,9097
59,4235,-15,8845
59,5532,-15,8602
59,6830,-15,8369
59,8131,-15,8144
59,9432,-15,7929
60,0736,-15,7723
60,2040,-15,7527
60,3346,-15,7339
60,4654,-15,7161
60,5962,-15,6992
60,7272,-15,6832
60,8583,-15,6682
60,9895,-15,6541
61,1208,-15,6409
61,2522,-15,6286
61,3836,-15,6173
61,5152,-15,6069
61,6468,-15,5974
61,7784,-15,5889
61,9102,-15,5812
62,0419,-15,5746
62,1738,-15,5688
62,3056,-15,5640
62,4375,-15,5601
62,5694,-15,5572
62,7013,-15,5551
62,8333,-15,5540
62,9652,-15,5539
63,0972,-15,5547
63,2291,-15,5564
63,3610,-15,5590
63,4929,-15,5626
63,6474,-15,5678
63,8358,-15,5744
64,0242,-15,5810
64,2126,-15,5875
64,4009,-15,5941
64,5893,-15,6007
64,7777,-15,6072
64,9661,-15,6138
65,1545,-15,6204
65,3428,-15,6270
65,5312,-15,6335
65,7196,-15,6401
65,9080,-15,6467
66,0964,-15,6533
66,2847,-15,6598
66,4731,-15,6664
66,6615,-15,6730
66,8499,-15,6795
67,0383,-15,6861
67,2267,-15,6927
67,4150,-15,6993
67,6034,-15,7058
67,7918,-15,7124
67,9802,-15,7190
68,1686,-15,7255
68,3569,-15,7321
68,5453,-15,7387
68,7337,-15,7453
68,9221,-15,7518
69,1105,-15,7584
69,2988,-15,7650
69,4872,-15,7715
69,6756,-15,7781
69,8640,-15,7847
70,0524,-15,7913
70,2407,-15,7978
70,4291,-15,8044
70,6175,-15,8110
70,8059,-15,8175
70,9943,-15,8241
71,1827,-15,8307
71,3710,-15,8373
71,5594,-15,8438
71,7478,-15,8504
71,9362,-15,8570
72,1246,-15,8635
72,3129,-15,8701
72,5013,-15,8767
72,6897,-15,8833
72,8781,-15,8898
73,0665,-15,8964
73,2548,-15,9030
73,4432,-15,9096
73,6316,-15,9161
73,8200,-15,9227
74,0084,-15,9293
74,1967,-15,9358
74,3851,-15,9424
74,5735,-15,9490
74,7619,-15,9556
74,9503,-15,9621
75,1387,-15,9687
75,3270,-15,9753
75,5154,-15,9818
75,7038,-15,9884
75,8922,-15,9950
76,0806,-16,0016
76,2689,-16,0081
76,4573,-16,0147
76,6457,-16,0213
76,8341,-16,0278
77,0225,-16,0344
77,2108,-16,0410
77,3992,-16,0476
77,5876,-16,0541
77,7760,-16,0607
77,9644,-16,0673
78,1527,-16,0738
78,3411,-16,0804
78,5295,-16,0870
78,7179,-16,0936
78,9063,-16,1001
79,0947,-16,1067
79,2830,-16,1133
79,4714,-16,1198
79,6598,-16,1264
79,8482,-16,1330
80,0366,-16,1396
80,2249,-16,1461
80,4133,-16,1527
80,6017,-16,1593
80,7901,-16,1659
80,9785,-16,1724
81,1668,-16,1790
81,3552,-16,1856
81,5436,-16,1921
81,7320,-16,1987
81,9204,-16,2053
82,1087,-16,2119
82,2971,-16,2184
82,4855,-16,2250
82,6739,-16,2316
82,8623,-16,2381
83,0507,-16,2447
83,2390,-16,2513
83,4274,-16,2579
83,6158,-16,2644
83,8042,-16,2710
83,9926,-16,2776
84,1809,-16,2841
84,3693,-16,2907
84,5577,-16,2973
84,7461,-16,3039
84,9345,-16,3104
85,1228,-16,3170
85,3112,-16,3236
85,4996,-16,3301
85,6767,-16,3363
85,8085,-16,3416
85,9403,-16,3478
86,0721,-16,3549
86,2038,-16,3629
86,3354,-16,3719
86,4670,-16,3818
86,5985,-16,3927
86,7299,-16,4044
86,8613,-16,4171
86,9925,-16,4308
87,1236,-16,4453
87,2547,-16,4608
87,3856,-16,4772
87,5164,-16,4945
87,6471,-16,5128
87,7776,-16,5319
87,9080,-16,5520
88,0383,-16,5731
88,1684,-16,5950
88,2984,-16,6179
88,4281,-16,6416
88,5578,-16,6663
88,6872,-16,6919
88,8164,-16,7185
88,9455,-16,7459
89,0744,-16,7743
89,2030,-16,8035
89,3315,-16,8337
89,4597,-16,8648
89,5877,-16,8967
89,7155,-16,9296
89,8431,-16,9634
89,9704,-16,9981
90,0974,-17,0337
90,2242,-17,0702
90,3508,-17,1075
90,4770,-17,1458
90,6030,-17,1850
90,7288,-17,2250
90,8542,-17,2660
90,9793,-17,3078
91,1042,-17,3505
91,2287,-17,3941
91,3529,-17,4386
91,4769,-17,4839
91,6004,-17,5301
91,7237,-17,5772
91,8466,-17,6252
91,9692,-17,6740
92,0914,-17,7237
92,2133,-17,7743
92,3348,-17,8257
92,4560,-17,8780
92,5767,-17,9311
92,6971,-17,9851
92,8171,-18,0399
92,9368,-18,0956
93,0560,-18,1522
93,1748,-18,2095
93,2932,-18,2677
93,4112,-18,3268
93,5288,-18,3866
93,6460,-18,4474
93,7627,-18,5089
93,8790,-18,5712
93,9948,-18,6344
94,1102,-18,6984
94,2251,-18,7632
94,3396,-18,8288
94,4536,-18,8953
94,5672,-18,9625
94,6802,-19,0305
94,7928,-19,0993
94,9049,-19,1690
95,0165,-19,2394
95,1275,-19,3106
95,2381,-19,3826
95,3482,-19,4553
95,4577,-19,5289
95,5668,-19,6032
95,6753,-19,6782
95,7833,-19,7541
95,8907,-19,8307
95,9976,-19,9081
96,1039,-19,9862
96,2097,-20,0650
96,3149,-20,1446
96,4196,-20,2250
96,5237,-20,3061
96,6272,-20,3879
96,7301,-20,4705
96,8324,-20,5538
96,9342,-20,6378
97,0354,-20,7225
97,1359,-20,8079
97,2359,-20,8941
97,3352,-20,9809
97,4339,-21,0684
97,5320,-21,1567
97,6295,-21,2456
97,7263,-21,3352
97,8225,-21,4255
97,9181,-21,5165
98,0130,-21,6082
98,1073,-21,7005
98,2009,-21,7935
98,2939,-21,8871
98,3861,-21,9814
98,4778,-22,0764
98,5687,-22,1720
98,6590,-22,2682
98,7486,-22,3651
98,8375,-22,4626
98,9257,-22,5607
99,0132,-22,6594
99,1000,-22,7588
99,1861,-22,8588
99,2715,-22,9594
99,3562,-23,0605
99,4402,-23,1623
99,5234,-23,2647
99,6060,-23,3676
99,6878,-23,4712
99,7688,-23,5753
99,8491,-23,6800
99,9287,-23,7852
100,0075,-23,8910
100,0856,-23,9974
100,1630,-24,1043
100,2395,-24,2118
100,3153,-24,3198
100,3904,-24,4283
100,4647,-24,5373
100,5382,-24,6469
100,6109,-24,7570
100,6828,-24,8676
100,7540,-24,9787
100,8244,-25,0903
100,8940,-25,2024
100,9628,-25,3150
101,0308,-25,4281
101,0979,-25,5417
101,1643,-25,6557
101,2299,-25,7702
101,2947,-25,8851
101,3586,-26,0006
101,4218,-26,1164
101,4894,-26,2427
101,5781,-26,4090
101,6668,-26,5754
101,7555,-26,7417
101,8441,-26,9080
101,9328,-27,0744
102,0215,-27,2407
102,1101,-27,4070
102,1988,-27,5734
102,2875,-27,7397
102,3762,-27,9061
102,4648,-28,0724
102,5535,-28,2387
102,6422,-28,4051
102,7309,-28,5714
102,8195,-28,7377
102,9082,-28,9041
102,9969,-29,0704
103,0856,-29,2367
103,1742,-29,4031
103,2629,-29,5694
103,3516,-29,7357
103,4402,-29,9021
103,5289,-30,0684
103,6176,-30,2348
103,7063,-30,4011
103,7949,-30,5674
103,8836,-30,7338
103,9723,-30,9001
104,0610,-31,0664
104,1496,-31,2328
104,2383,-31,3991
104,3270,-31,5654
104,4157,-31,7318
104,5043,-31,8981
104,5930,-32,0644
104,6817,-32,2308
104,7703,-32,3971
104,8590,-32,5635
104,9477,-32,7298
105,0364,-32,8961
105,1250,-33,0625
105,2137,-33,2288
105,3024,-33,3951
105,3675,-33,5164
105,4307,-33,6322
105,4947,-33,7476
105,5596,-33,8625
105,6252,-33,9769
105,6917,-34,0909
105,7590,-34,2044
105,8270,-34,3174
105,8959,-34,4300
105,9656,-34,5420
106,0360,-34,6536
106,1073,-34,7647
106,1793,-34,8752
106,2521,-34,9853
106,3257,-35,0948
106,4000,-35,2038
106,4752,-35,3123
106,5510,-35,4202
106,6277,-35,5276
106,7051,-35,6345
106,7833,-35,7408
106,8622,-35,8465
106,9418,-35,9517
107,0222,-36,0563
107,1034,-36,1604
107,1852,-36,2639
107,2678,-36,3668
107,3511,-36,4691
107,4352,-36,5708
107,5199,-36,6719
107,6054,-36,7724
107,6916,-36,8724
107,7785,-36,9717
107,8661,-37,0703
107,9543,-37,1684
108,0433,-37,2658
108,1330,-37,3627
108,2233,-37,4588
108,3143,-37,5544
108,4060,-37,6492
108,4984,-37,7435
108,5914,-37,8370
108,6851,-37,9300
108,7794,-38,0222
108,8744,-38,1138
108,9700,-38,2047
109,0663,-38,2950
109,1632,-38,3845
109,2607,-38,4734
109,3589,-38,5615
109,4577,-38,6490
109,5571,-38,7358
109,6571,-38,8219
109,7577,-38,9072
109,8589,-38,9919
109,9607,-39,0758
110,0631,-39,1590
110,1661,-39,2415
110,2697,-39,3232
110,3738,-39,4043
110,4785,-39,4845
110,5838,-39,5641
110,6897,-39,6429
110,7960,-39,7209
110,9030,-39,7982
111,0105,-39,8747
111,1185,-39,9505
111,2271,-40,0255
111,3361,-40,0997
111,4457,-40,1732
111,5559,-40,2459
111,6665,-40,3178
111,7776,-40,3889
111,8893,-40,4592
112,0014,-40,5288
112,1140,-40,5975
112,2271,-40,6655
112,3407,-40,7326
112,4548,-40,7990
112,5693,-40,8645
112,6843,-40,9292
112,7997,-40,9931
112,9156,-41,0562
113,0518,-41,1292
113,2181,-41,2181
113,3843,-41,3069
113,5506,-41,3958
113,7168,-41,4846
113,8831,-41,5734
114,0493,-41,6623
114,2156,-41,7511
114,3818,-41,8400
114,5480,-41,9288
114,7143,-42,0177
114,8805,-42,1065
115,0468,-42,1953
115,2130,-42,2842
115,3793,-42,3730
115,5455,-42,4619
115,7118,-42,5507
115,8780,-42,6396
116,0443,-42,7284
116,2105,-42,8172
116,3767,-42,9061
116,5430,-42,9949
116,7092,-43,0838
116,8755,-43,1726
117,0417,-43,2615
117,2080,-43,3503
117,3742,-43,4391
117,5405,-43,5280
117,7067,-43,6168
117,8729,-43,7057
118,0392,-43,7945
118,2054,-43,8834
118,3717,-43,9722
118,5379,-44,0610
118,7042,-44,1499
118,8704,-44,2387
119,0367,-44,3276
119,2029,-44,4164
119,3692,-44,5053
119,5354,-44,5941
119,7016,-44,6830
119,8679,-44,7718
120,0341,-44,8606
120,2004,-44,9495
120,3666,-45,0383
120,5329,-45,1272
120,6841,-45,2081
120,8002,-45,2709
120,9157,-45,3346
121,0308,-45,3990
121,1455,-45,4643
121,2597,-45,5304
121,3734,-45,5973
121,4867,-45,6651
121,5994,-45,7336
121,7117,-45,8029
121,8235,-45,8730
121,9348,-45,9438
122,0456,-46,0155
122,1559,-46,0880
122,2656,-46,1612
122,3749,-46,2352
122,4836,-46,3100
122,5918,-46,3855
122,6994,-46,4618
122,8065,-46,5389
122,9131,-46,6167
123,0191,-46,6953
123,1245,-46,7746
123,2294,-46,8546
123,3337,-46,9354
123,4375,-47,0170
123,5406,-47,0992
123,6432,-47,1822
123,7452,-47,2659
123,8466,-47,3504
123,9474,-47,4355
124,0476,-47,5214
124,1472,-47,6079
124,2461,-47,6952
124,3445,-47,7832
124,4422,-47,8718
124,5393,-47,9612
124,6358,-48,0512
124,7316,-48,1419
124,8268,-48,2333
124,9213,-48,3253
125,0152,-48,4181
125,1084,-48,5114
125,2009,-48,6055
125,2928,-48,7002
125,3840,-48,7955
125,4746,-48,8915
125,5645,-48,9881
125,6536,-49,0853
125,7421,-49,1832
125,8299,-49,2817
125,9170,-49,3808
126,0034,-49,4806
126,0891,-49,5809
126,1741,-49,6819
126,2583,-49,7834
126,3418,-49,8855
126,4247,-49,9882
126,5067,-50,0916
126,5881,-50,1954
126,6687,-50,2999
126,7486,-50,4049
126,8277,-50,5105
126,9061,-50,6166
126,9837,-50,7233
127,0606,-50,8306
127,1367,-50,9383
127,2121,-51,0467
127,2867,-51,1555
127,3605,-51,2649
127,4335,-51,3748
127,5058,-51,4852
127,5773,-51,5961
127,6480,-51,7075
127,7179,-51,8194
127,7870,-51,9318
127,8553,-52,0447
127,9228,-52,1580
127,9895,-52,2719
128,0554,-52,3862
128,1205,-52,5010
128,1848,-52,6162
128,2482,-52,7319
128,3109,-52,8480
128,3727,-52,9646
128,4337,-53,0816
128,4939,-53,1990
128,5532,-53,3168
128,6117,-53,4351
128,6694,-53,5538
128,7262,-53,6729
128,7822,-53,7924
128,8373,-53,9122
128,8916,-54,0325
128,9451,-54,1531
128,9977,-54,2742
129,0494,-54,3955
129,1002,-54,5173
129,1503,-54,6394
129,1994,-54,7618
129,2477,-54,8846
129,2951,-55,0078
129,3416,-55,1312
129,3873,-55,2550
129,4320,-55,3792
129,4760,-55,5036
129,5190,-55,6283
129,5611,-55,7534
129,6024,-55,8787
129,6427,-56,0043
129,6822,-56,1302
129,7208,-56,2564
129,7585,-56,3828
129,7953,-56,5095
129,8312,-56,6365
129,8662,-56,7637
129,9003,-56,8912
129,9335,-57,0189
129,9658,-57,1468
129,9972,-57,2750
130,0277,-57,4034
130,0573,-57,5319
130,0860,-57,6607
130,1137,-57,7897
130,1406,-57,9189
130,1665,-58,0483
130,1915,-58,1778
130,2156,-58,3076
130,2388,-58,4375
130,2611,-58,5675
130,2824,-58,6977
130,3029,-58,8281
130,3224,-58,9586
130,3410,-59,0892
130,3586,-59,2200
130,3753,-59,3508
130,3912,-59,4818
130,4060,-59,6129
130,4200,-59,7442
130,4330,-59,8755
130,4451,-60,0068
130,4563,-60,1383
130,4665,-60,2699
130,4758,-60,4015
130,4842,-60,5332
130,4916,-60,6649
130,4982,-60,7967
130,5037,-60,9285
130,5084,-61,0604
130,5121,-61,1923
130,5149,-61,3242
130,5168,-61,4561
130,5177,-61,5881
130,5177,-61,7200
130,5167,-61,8520
130,5149,-61,9839
130,5120,-62,1158
130,5083,-62,2477
130,5036,-62,3796
130,4980,-62,5114
130,4915,-62,6432
130,4825,-62,8032
130,4719,-62,9913
130,4612,-63,1795
130,4505,-63,3677
130,4399,-63,5559
130,4292,-63,7441
130,4185,-63,9323
130,4079,-64,1205
130,3972,-64,3087
130,3865,-64,4969
130,3759,-64,6851
130,3652,-64,8733
130,3545,-65,0615
130,3439,-65,2497
130,3332,-65,4379
130,3225,-65,6261
130,3118,-65,8142
130,3012,-66,0024
130,2905,-66,1906
130,2798,-66,3788
130,2692,-66,5670
130,2585,-66,7552
130,2478,-66,9434
130,2372,-67,1316
130,2265,-67,3198
130,2158,-67,5080
130,2052,-67,6962
130,1945,-67,8844
130,1838,-68,0726
130,1732,-68,2608
130,1625,-68,4490
130,1518,-68,6371
130,1412,-68,8253
130,1305,-69,0135
130,1198,-69,2017
130,1092,-69,3899
130,0985,-69,5781
130,0878,-69,7663
130,0771,-69,9545
130,0665,-70,1427
130,0558,-70,3309
130,0451,-70,5191
130,0362,-70,6791
130,0297,-70,8108
