125,48399,-111,3225
125,44939,-111,7208
125,4148,-112,1191
125,380196,-112,5174
125,3456,-112,9157
125,311005,-113,314
125,2764,-113,7123
125,24179,-114,110596
125,20721,-114,5089
125,1726,-114,9072
125,138,-115,3055
125,10341,-115,703804
125,0688,-116,1021
125,034195,-116,5004
124,99961,-116,898705
124,965004,-117,297
124,94231,-117,671196
124,9196,-118,0454
124,8969,-118,4196
124,87421,-118,7938
124,85151,-119,168
124,828804,-119,5422
124,80611,-119,9164
124,7834,-120,290596
124,7607,-120,6648
124,738,-121,03901
124,715294,-121,4132
124,692604,-121,7874
124,66991,-122,161606
124,6472,-122,53581
124,6245,-122,91
124,6157,-123,342
124,6069,-123,774
124,59811,-124,206
124,589294,-124,638
124,5805,-125,07001
124,5717,-125,50201
124,562904,-125,934006
124,55411,-126,366005
124,5453,-126,798004
124,53651,-127,23
124,52771,-127,662
124,5189,-128,09401
124,5101,-128,526
124,501305,-128,95801
124,49251,-129,39
124,4783,-129,7347
124,46411,-130,0794
124,449905,-130,4241
124,4357,-130,7688
124,42151,-131,1135
124,4073,-131,4582
124,3931,-131,8029
124,37891,-132,1476
124,36471,-132,4923
124,3505,-132,837
124,33631,-133,1817
124,322105,-133,5264
124,3079,-133,8711
124,29371,-134,2158
124,2795,-134,5605
124,2777,-134,9897
124,2759,-135,41891
124,27409,-135,84811
124,27231,-136,2773
124,27051,-136,7065
124,26871,-137,13571
124,2669,-137,56491
124,2651,-137,99411
124,2633,-138,4233
124,26149,-138,85251
124,25969,-139,28171
124,257904,-139,7109
124,2561,-140,1401
124,254295,-140,5693
124,252495,-140,9985
124,2256,-141,35501
124,19869,-141,7115
124,1718,-142,068
124,14489,-142,42451
124,118,-142,781
124,0911,-143,13751
124,06419,-143,494
124,03731,-143,85051
124,0104,-144,207
123,983505,-144,56349
123,95661,-144,92
123,9297,-145,2765
123,90281,-145,63301
123,8759,-145,9895
123,84901,-146,34601
123,8373,-146,7577
123,8256,-147,1694
123,8139,-147,5811
123,8022,-147,99281
123,7905,-148,40451
123,77879,-148,81621
123,7671,-149,2279
123,75541,-149,6396
123,743706,-150,0513
123,732,-150,463
123,72031,-150,8747
123,7086,-151,2864
123,6969,-151,6981
123,685196,-152,1098
123,67349,-152,5215
123,677704,-152,9326
123,68189,-153,3437
123,6861,-153,7548
123,69029,-154,16591
123,694496,-154,57701
123,6987,-154,98811
123,702896,-155,3992
123,7071,-155,81029
123,71129,-156,22139
123,7155,-156,63249
123,7197,-157,0436
123,72389,-157,4547
123,728096,-157,8658
123,73229,-158,2769
123,736496,-158,688
123,75489,-159,0898
123,7733,-159,49161
123,7917,-159,8934
123,8101,-160,2952
123,82849,-160,69699
123,8469,-161,0988
123,865295,-161,5006
123,8837,-161,9024
123,90209,-162,3042
123,9205,-162,70601
123,938896,-163,1078
123,9573,-163,5096
123,97569,-163,91139
123,9941,-164,3132
124,0125,-164,715
124,039894,-165,0833
124,0673,-165,4516
124,094696,-165,8199
124,1221,-166,1882
124,1495,-166,5565
124,176895,-166,92479
124,2043,-167,29309
124,2317,-167,6614
124,2591,-168,02971
124,2865,-168,39801
124,313896,-168,76631
124,3413,-169,13461
124,3687,-169,5029
124,3961,-169,8712
124,4235,-170,2395
124,4374,-170,6284
124,451294,-171,0173
124,465195,-171,4062
124,4791,-171,7951
124,493,-172,184
124,5069,-172,5729
124,520805,-172,96179
124,53469,-173,35071
124,5486,-173,73961
124,5625,-174,12851
124,57639,-174,51741
124,590294,-174,90631
124,6042,-175,29521
124,61809,-175,6841
124,631996,-176,073
124,528496,-176,4339
124,425,-176,7948
124,3215,-177,1557
124,217995,-177,5166
124,114494,-177,8775
124,010994,-178,2384
123,9075,-178,5993
123,804,-178,9602
123,7005,-179,3211
123,59701,-179,68199
123,49351,-180,04291
123,39,-180,40381
123,2865,-180,76471
123,183,-181,1256
123,079506,-181,4865
122,893005,-181,8113
122,7065,-182,1361
122,520004,-182,46089
122,33351,-182,7857
122,146996,-183,1105
121,9605,-183,4353
121,774,-183,7601
121,587494,-184,0849
121,401,-184,4097
121,21451,-184,7345
121,02799,-185,0593
120,8415,-185,3841
120,655,-185,7089
120,46849,-186,03369
120,282,-186,35849
120,134995,-186,6855
119,988,-187,0125
119,840996,-187,3395
119,694,-187,6665
119,547,-187,9935
119,4,-188,3205
119,253,-188,64749
119,105995,-188,9745
118,95899,-189,3015
118,812,-189,6285
118,66499,-189,9555
118,518,-190,2825
118,370995,-190,6095
118,224,-190,93651
118,076996,-191,2635
117,874,-191,60391
117,671,-191,9443
117,468,-192,2847
117,265,-192,6251
117,062004,-192,9655
116,85899,-193,30591
116,656,-193,6463
116,452995,-193,9867
116,25,-194,3271
116,047,-194,66751
115,844,-195,0079
115,641,-195,3483
115,437996,-195,6887
115,23499,-196,0291
115,032,-196,3695
114,853096,-196,6558
114,6742,-196,94211
114,4953,-197,2284
114,3164,-197,5147
114,1375,-197,801
113,9586,-198,0873
113,7797,-198,3736
113,6008,-198,6599
113,4219,-198,9462
113,243004,-199,2325
113,0641,-199,5188
112,8852,-199,8051
112,7063,-200,09138
112,527405,-200,37769
112,3485,-200,664
112,1309,-200,94789
111,91331,-201,2318
111,6957,-201,51569
111,4781,-201,79959
111,2605,-202,0835
111,0429,-202,36739
110,8253,-202,65129
110,6077,-202,93521
110,3901,-203,2191
110,1725,-203,503
109,954895,-203,7869
109,7373,-204,0708
109,51969,-204,3547
109,3021,-204,6386
109,084496,-204,9225
108,8903,-205,218
108,6961,-205,5135
108,5019,-205,809
108,3077,-206,1045
108,1135,-206,40001
107,919304,-206,69551
107,725105,-206,991
107,5309,-207,2865
107,3367,-207,58199
107,1425,-207,87749
106,9483,-208,17299
106,7541,-208,46849
106,5599,-208,76399
106,3657,-209,0595
106,1715,-209,355
105,921196,-209,5883
105,670906,-209,8216
105,4206,-210,0549
105,1703,-210,2882
104,92,-210,5215
104,6697,-210,75479
104,419395,-210,9881
104,1691,-211,2214
103,9188,-211,4547
103,6685,-211,688
103,4182,-211,92131
103,1679,-212,15459
102,917595,-212,3879
102,6673,-212,6212
102,417,-212,85449
102,1495,-212,95729
101,882,-213,0601
101,614494,-213,1629
101,34699,-213,2657
101,0795,-213,3685
100,812,-213,47131
100,5445,-213,5741
100,27699,-213,6769
100,0095,-213,7797
99,742,-213,8825
99,4745,-213,9853
99,207,-214,0881
98,9395,-214,1909
98,672,-214,2937
98,404495,-214,3965
98,100296,-214,42961
97,796104,-214,4627
97,4919,-214,4958
97,1877,-214,5289
96,8835,-214,562
96,5793,-214,59511
96,2751,-214,6282
95,9709,-214,66129
95,6667,-214,6944
95,3625,-214,7275
95,058304,-214,7606
94,754105,-214,7937
94,4499,-214,82678
94,1457,-214,8599
93,8415,-214,89299
93,5609,-214,8895
93,280304,-214,886
92,9997,-214,88249
92,7191,-214,87898
92,4385,-214,8755
92,157906,-214,872
91,877304,-214,86848
91,5967,-214,86499
91,3161,-214,8615
91,03551,-214,85799
90,754906,-214,85449
90,474304,-214,851
90,193695,-214,84749
89,9131,-214,844
89,6325,-214,8405
89,3735,-214,66179
89,1145,-214,4831
88,8555,-214,3044
88,596504,-214,1257
88,3375,-213,94699
88,0785,-213,7683
87,8195,-213,5896
87,5605,-213,4109
87,3015,-213,2322
87,042496,-213,0535
86,78349,-212,8748
86,5245,-212,6961
86,2655,-212,5174
86,0065,-212,3387
85,7475,-212,16
85,5732,-211,8428
85,398895,-211,5256
85,224594,-211,20839
85,0503,-210,8912
84,876,-210,574
84,7017,-210,2568
84,5274,-209,9396
84,353096,-209,6224
84,178795,-209,3052
84,0045,-208,988
83,8302,-208,67079
83,65591,-208,3536
83,481606,-208,0364
83,307304,-207,71921
83,133,-207,40201
82,9497,-207,07271
82,7664,-206,74341
82,5831,-206,41411
82,3998,-206,08481
82,2165,-205,7555
82,0332,-205,42621
81,84991,-205,09691
81,666595,-204,76761
81,4833,-204,4383
81,3,-204,10901
81,1167,-203,77971
80,9334,-203,45041
80,7501,-203,1211
80,5668,-202,79181
80,3835,-202,46251
80,257805,-202,1235
80,1321,-201,7845
80,0064,-201,4455
79,8807,-201,1065
79,755,-200,7675
79,6293,-200,4285
79,5036,-200,08951
79,3779,-199,7505
79,252205,-199,4115
79,1265,-199,0725
79,0008,-198,73349
78,8751,-198,3945
78,7494,-198,0555
78,6237,-197,71649
78,498,-197,3775
78,4706,-196,9931
78,4432,-196,6087
78,4158,-196,2243
78,388405,-195,83989
78,361,-195,4555
78,3336,-195,07109
78,3062,-194,6867
78,2788,-194,30229
78,2514,-193,91791
78,224,-193,5335
78,1966,-193,14911
78,1692,-192,7647
78,1418,-192,38031
78,1144,-191,9959
78,087,-191,61151
78,237595,-191,23561
78,3882,-190,8597
78,5388,-190,48381
78,68941,-190,10791
78,840004,-189,732
78,9906,-189,35611
79,141205,-188,98021
79,2918,-188,6043
79,442406,-188,22841
79,593,-187,85251
79,7436,-187,4766
79,8942,-187,10071
80,0448,-186,72481
80,195404,-186,34889
80,346,-185,973
80,4967,-185,6768
80,6474,-185,3806
80,798096,-185,0844
80,94881,-184,78821
81,0995,-184,492
81,2502,-184,1958
81,4009,-183,8996
81,5516,-183,6034
81,7023,-183,3072
81,853004,-183,011
82,0037,-182,7148
82,1544,-182,41861
82,3051,-182,1224
82,4558,-181,8262
82,6065,-181,53
82,7067,-181,13231
82,8069,-180,73459
82,907104,-180,3369
83,0073,-179,93921
83,107506,-179,5415
83,2077,-179,1438
83,3079,-178,7461
83,4081,-178,3484
83,50829,-177,95071
83,6085,-177,553
83,708694,-177,1553
83,8089,-176,7576
83,909096,-176,35991
84,0093,-175,96219
84,1095,-175,5645
84,191895,-175,2052
84,2743,-174,8459
84,3567,-174,48659
84,4391,-174,1273
84,5215,-173,768
84,6039,-173,4087
84,6863,-173,04941
84,7687,-172,6901
84,851105,-172,3308
84,9335,-171,9715
85,0159,-171,6122
85,098305,-171,25291
85,1807,-170,8936
85,26311,-170,5343
85,345505,-170,175
85,3832,-169,78831
85,420906,-169,4016
85,458595,-169,01491
85,4963,-168,6282
85,534,-168,2415
85,5717,-167,8548
85,609406,-167,46811
85,647095,-167,08139
85,6848,-166,6947
85,722496,-166,308
85,7602,-165,9213
85,7979,-165,53459
85,835594,-165,1479
85,8733,-164,76118
85,910995,-164,3745
85,9994,-163,94888
86,0878,-163,5233
86,1762,-163,09769
86,264595,-162,6721
86,353,-162,24649
86,44141,-161,82089
86,5298,-161,3953
86,6182,-160,9697
86,7066,-160,5441
86,795006,-160,1185
86,8834,-159,69289
86,9718,-159,2673
87,060196,-158,84169
87,148605,-158,4161
87,237,-157,9905
87,21751,-157,64938
87,198,-157,3083
87,178505,-156,9672
87,159004,-156,6261
87,139496,-156,28499
87,12,-155,9439
87,1005,-155,6028
87,081,-155,26169
87,0615,-154,92061
87,042,-154,5795
87,0225,-154,23839
87,003,-153,8973
86,983505,-153,5562
86,964,-153,2151
86,944496,-152,874
86,7098,-152,63089
86,4751,-152,3878
86,2404,-152,1447
86,0057,-151,9016
85,771,-151,6585
85,5363,-151,41539
85,3016,-151,17229
85,0669,-150,9292
84,8322,-150,6861
84,5975,-150,443
84,36281,-150,1999
84,1281,-149,9568
83,8934,-149,7137
83,6587,-149,4706
83,424,-149,2275
83,1321,-149,12329
82,8402,-149,0191
82,5483,-148,9149
82,25641,-148,8107
81,9645,-148,7065
81,6726,-148,60231
81,38071,-148,49811
81,0888,-148,39389
80,796906,-148,28969
80,505005,-148,1855
80,2131,-148,0813
79,9212,-147,9771
79,6293,-147,8729
79,3374,-147,7687
79,0455,-147,6645
78,7723,-147,75931
78,4991,-147,85411
78,22591,-147,9489
77,9527,-148,0437
77,6795,-148,1385
77,406296,-148,2333
77,1331,-148,32811
76,8599,-148,4229
76,5867,-148,5177
76,3135,-148,6125
76,040306,-148,7073
75,7671,-148,80211
75,4939,-148,89691
75,2207,-148,9917
74,9475,-149,0865
74,6562,-149,22852
74,36491,-149,3705
74,0736,-149,51251
73,782295,-149,65451
73,491005,-149,79651
73,1997,-149,9385
72,9084,-150,0805
72,6171,-150,2225
72,325806,-150,3645
72,0345,-150,5065
71,7432,-150,64851
71,451904,-150,7905
71,1606,-150,93251
70,86931,-151,0745
70,578,-151,2165
70,3282,-151,3816
70,07841,-151,5467
69,8286,-151,7118
69,578804,-151,8769
69,329,-152,04199
69,0792,-152,2071
68,82941,-152,37221
68,5796,-152,5373
68,3298,-152,7024
68,08,-152,86751
67,8302,-153,0326
67,5804,-153,1977
67,3306,-153,3628
67,0808,-153,5279
66,831,-153,693
66,6062,-153,96469
66,38139,-154,2364
66,1566,-154,5081
65,9318,-154,7798
65,707,-155,0515
65,4822,-155,32321
65,2574,-155,59491
65,03259,-155,8666
64,8078,-156,13829
64,583,-156,41
64,3582,-156,6817
64,1334,-156,9534
63,9086,-157,2251
63,683796,-157,49681
63,459,-157,76851
63,3446,-158,15671
63,230194,-158,5449
63,1158,-158,9331
63,0014,-159,32132
62,887,-159,7095
62,772594,-160,0977
62,6582,-160,4859
62,5438,-160,8741
62,4294,-161,2623
62,314995,-161,6505
62,2006,-162,0387
62,0862,-162,42691
61,9718,-162,81511
61,8574,-163,20331
61,743,-163,5915
61,6643,-163,9673
61,5856,-164,34311
61,5069,-164,7189
61,4282,-165,0947
61,349503,-165,4705
61,2708,-165,8463
61,1921,-166,2221
61,113396,-166,59792
61,034695,-166,97371
60,955997,-167,3495
60,877296,-167,72531
60,7986,-168,1011
60,7199,-168,4769
60,641197,-168,8527
60,5625,-169,2285
60,4678,-169,6148
60,3731,-170,00111
60,2784,-170,3874
60,1837,-170,7737
60,089,-171,16
59,9943,-171,54631
59,8996,-171,9326
59,8049,-172,3189
59,7102,-172,7052
59,6155,-173,0915
59,5208,-173,4778
59,4261,-173,86409
59,3314,-174,25038
59,236702,-174,6367
59,142002,-175,023
59,071102,-175,3941
59,000202,-175,7652
58,929302,-176,13629
58,858402,-176,50739
58,787502,-176,8785
58,716602,-177,2496
58,645702,-177,6207
58,5748,-177,99179
58,5039,-178,3629
58,433,-178,734
58,3621,-179,1051
58,2912,-179,4762
58,2203,-179,84729
58,149403,-180,2184
58,078503,-180,5895
58,048004,-180,9827
58,0175,-181,3759
57,987003,-181,7691
57,9565,-182,16231
57,926003,-182,5555
57,8955,-182,9487
57,865,-183,3419
57,8345,-183,73509
57,804,-184,1283
57,7735,-184,5215
57,743,-184,91469
57,712498,-185,30789
57,682,-185,70111
57,651497,-186,0943
57,621,-186,4875
57,5653,-186,88051
57,509598,-187,2735
57,4539,-187,6665
57,3982,-188,05951
57,3425,-188,45248
57,2868,-188,84549
57,2311,-189,2385
57,1754,-189,63148
57,1197,-190,02449
57,064,-190,4175
57,0083,-190,81049
56,9526,-191,20349
56,896904,-191,5965
56,8412,-191,98949
56,7855,-192,38249
56,7293,-192,75868
56,673103,-193,1349
56,6169,-193,5111
56,5607,-193,8873
56,5045,-194,2635
56,4483,-194,6397
56,3921,-195,0159
56,335903,-195,3921
56,2797,-195,7683
56,2235,-196,1445
56,1673,-196,5207
56,1111,-196,8969
56,0549,-197,2731
55,998703,-197,6493
55,9425,-198,0255
55,9103,-198,4131
55,878098,-198,80069
55,8459,-199,18831
55,8137,-199,57591
55,7815,-199,9635
55,7493,-200,3511
55,7171,-200,7387
55,684902,-201,12631
55,652702,-201,5139
55,6205,-201,9015
55,5883,-202,2891
55,5561,-202,6767
55,523903,-203,0643
55,4917,-203,4519
55,4595,-203,83951
55,3228,-204,1847
55,1861,-204,52989
55,0494,-204,8751
54,9127,-205,2203
54,776,-205,5655
54,6393,-205,91069
54,5026,-206,25589
54,3659,-206,6011
54,2292,-206,9463
54,0925,-207,2915
53,9558,-207,63669
53,8191,-207,98189
53,6824,-208,3271
53,5457,-208,6723
53,409,-209,0175
53,1385,-209,1578
52,868,-209,2981
52,5975,-209,4384
52,327,-209,5787
52,056503,-209,719
51,786,-209,8593
51,5155,-209,9996
51,245003,-210,1399
50,974503,-210,2802
50,704,-210,4205
50,433502,-210,56079
50,163002,-210,7011
49,8925,-210,8414
49,622,-210,98169
49,3515,-211,122
49,035603,-211,14958
48,719704,-211,1772
48,4038,-211,20479
48,087902,-211,2324
47,772003,-211,26
47,4561,-211,28758
47,1402,-211,3152
46,8243,-211,34279
46,5084,-211,3704
46,1925,-211,398
45,8766,-211,4256
45,5607,-211,4532
45,2448,-211,48079
44,9289,-211,5084
44,613,-211,536
44,3698,-211,37349
44,126602,-211,211
43,8834,-211,0485
43,640198,-210,886
43,397,-210,7235
43,1538,-210,561
42,9106,-210,3985
42,6674,-210,23601
42,4242,-210,0735
42,181,-209,91101
41,9378,-209,7485
41,6946,-209,58601
41,451397,-209,42351
41,2082,-209,26102
40,965,-209,09851
40,7486,-208,83601
40,532196,-208,5735
40,3158,-208,311
40,0994,-208,0485
39,883,-207,786
39,6666,-207,5235
39,4502,-207,261
39,233803,-206,9985
39,017403,-206,73601
38,801,-206,47351
38,5846,-206,211
38,3682,-205,94849
38,151802,-205,68599
37,935402,-205,4235
37,719,-205,161
37,502098,-204,90318
37,285202,-204,6454
37,0683,-204,38759
36,8514,-204,12979
36,634502,-203,872
36,4176,-203,6142
36,2007,-203,35638
35,983803,-203,0986
35,7669,-202,84079
35,55,-202,583
35,3331,-202,3252
35,1162,-202,0674
34,8993,-201,80959
34,6824,-201,5518
34,4655,-201,29399
34,327896,-200,96638
34,1903,-200,6388
34,0527,-200,31119
33,9151,-199,9836
33,777496,-199,656
33,6399,-199,3284
33,5023,-199,0008
33,3647,-198,6732
33,227097,-198,3456
33,0895,-198,01799
32,9519,-197,6904
32,8143,-197,36281
32,676697,-197,0352
32,5391,-196,7076
32,4015,-196,38
32,234,-196,0325
32,066498,-195,685
31,899,-195,3375
31,731499,-194,99
31,564,-194,6425
31,396502,-194,295
31,228998,-193,9475
31,0615,-193,6
30,893997,-193,2525
30,7265,-192,905
30,559002,-192,5575
30,391499,-192,21
30,224,-191,8625
30,056498,-191,515
29,889,-191,1675
29,7497,-190,82231
29,610401,-190,4771
29,471098,-190,1319
29,331799,-189,7867
29,1925,-189,4415
29,0532,-189,0963
28,9139,-188,7511
28,7746,-188,4059
28,6353,-188,0607
28,496,-187,71548
28,3567,-187,3703
28,2174,-187,0251
28,078098,-186,6799
27,938799,-186,33469
27,7995,-185,9895
27,8132,-185,6021
27,826899,-185,2147
27,8406,-184,82729
27,8543,-184,4399
27,868,-184,05249
27,8817,-183,6651
27,8954,-183,27771
27,9091,-182,89029
27,922798,-182,5029
27,9365,-182,1155
27,950201,-181,7281
27,9639,-181,3407
27,9776,-180,9533
27,991299,-180,5659
28,005,-180,1785
28,0013,-179,7502
27,9976,-179,3219
27,993898,-178,8936
27,9902,-178,4653
27,9865,-178,03699
27,9828,-177,6087
27,979101,-177,1804
27,975399,-176,75209
27,971699,-176,3238
27,968,-175,89551
27,9643,-175,4672
27,9606,-175,0389
27,9569,-174,61061
27,9532,-174,1823
27,9495,-173,754
27,9655,-173,3788
27,9815,-173,0036
27,9975,-172,6284
28,013498,-172,25319
28,0295,-171,878
28,0455,-171,5028
28,0615,-171,1276
28,0775,-170,7524
28,0935,-170,3772
28,1095,-170,002
28,1255,-169,6268
28,141499,-169,25159
28,1575,-168,8764
28,1735,-168,50119
28,1895,-168,12599
28,247,-167,72769
28,3045,-167,3294
28,362,-166,93109
28,419498,-166,53279
28,477001,-166,13449
28,5345,-165,7362
28,592,-165,3379
28,6495,-164,93959
28,707,-164,54129
28,7645,-164,14299
28,822,-163,74469
28,8795,-163,3464
28,937,-162,94809
28,994501,-162,54979
29,052,-162,15149
29,0984,-161,77849
29,144798,-161,4055
29,1912,-161,03249
29,2376,-160,6595
29,284,-160,2865
29,330399,-159,9135
29,376799,-159,5405
29,4232,-159,16751
29,4696,-158,7945
29,515999,-158,42151
29,562399,-158,04851
29,608799,-157,6755
29,655201,-157,3025
29,7016,-156,9295
29,748,-156,5565
29,8461,-156,18701
29,944199,-155,8175
30,042301,-155,448
30,140402,-155,0785
30,238499,-154,709
30,3366,-154,3395
30,4347,-153,97
30,5328,-153,60051
30,630898,-153,23102
30,729,-152,86151
30,8271,-152,492
30,925201,-152,12251
31,023298,-151,753
31,121399,-151,3835
31,2195,-151,014
31,3542,-150,6299
31,488901,-150,2458
31,623602,-149,8617
31,758299,-149,4776
31,893,-149,0935
32,0277,-148,70941
32,1624,-148,3253
32,2971,-147,94121
32,4318,-147,5571
32,5665,-147,173
32,701202,-146,78891
32,8359,-146,40482
32,9706,-146,0207
33,1053,-145,63661
33,24,-145,2525
33,3525,-144,89671
33,465004,-144,5409
33,577503,-144,1851
33,690002,-143,8293
33,802498,-143,47351
33,915,-143,11769
34,0275,-142,7619
34,14,-142,4061
34,2525,-142,05031
34,365,-141,69449
34,4775,-141,3387
34,59,-140,9829
34,7025,-140,6271
34,815002,-140,27129
34,9275,-139,9155
34,9753,-139,54219
35,0231,-139,1689
35,070904,-138,7956
35,1187,-138,4223
35,1665,-138,049
35,214302,-137,6757
35,2621,-137,3024
35,309902,-136,92911
35,3577,-136,5558
35,405502,-136,18251
35,453304,-135,8092
35,5011,-135,43591
35,5489,-135,06259
35,596703,-134,6893
35,6445,-134,316
35,702503,-133,92099
35,7605,-133,526
35,8185,-133,131
35,876503,-132,73601
35,9345,-132,34099
35,9925,-131,946
36,050503,-131,551
36,108498,-131,156
36,1665,-130,76099
36,2245,-130,366
36,282497,-129,971
36,3405,-129,576
36,3985,-129,181
36,456497,-128,786
36,5145,-128,39099
36,5205,-127,96729
36,526497,-127,5436
36,532497,-127,119896
36,538498,-126,6962
36,544502,-126,27249
36,5505,-125,8488
36,5565,-125,4251
36,5625,-125,001396
36,5685,-124,5777
36,574497,-124,15401
36,580498,-123,7303
36,586502,-123,306595
36,592503,-122,8829
36,5985,-122,459206
36,6045,-122,03551
36,5758,-121,6554
36,5471,-121,2753
36,518402,-120,8952
36,4897,-120,5151
36,461002,-120,134995
36,4323,-119,754906
36,403603,-119,3748
36,3749,-118,9947
36,3462,-118,6146
36,3175,-118,2345
36,2888,-117,8544
36,2601,-117,474304
36,2314,-117,0942
36,2027,-116,7141
36,174004,-116,334
36,021202,-116,0288
35,8684,-115,7236
35,715603,-115,4184
35,5628,-115,113205
35,41,-114,808
35,257202,-114,5028
35,1044,-114,1976
34,9516,-113,892395
34,7988,-113,5872
34,646,-113,282
34,493202,-112,9768
34,3404,-112,6716
34,1876,-112,366394
34,0348,-112,061195
33,882,-111,756
33,701202,-111,4212
33,5204,-111,086395
33,3396,-110,7516
33,158802,-110,416794
32,978,-110,082
32,7972,-109,7472
32,6164,-109,4124
32,4356,-109,0776
32,2548,-108,7428
32,074,-108,408
31,8932,-108,073204
31,7124,-107,7384
31,531603,-107,4036
31,3508,-107,0688
31,170002,-106,734
31,025902,-106,4214
30,8818,-106,1088
30,737701,-105,7962
30,593601,-105,4836
30,449503,-105,171005
30,3054,-104,8584
30,1613,-104,5458
30,017202,-104,2332
29,8731,-103,9206
29,729,-103,608
29,5849,-103,2954
29,4408,-102,9828
29,2967,-102,6702
29,152601,-102,357605
29,0085,-102,045
28,927101,-101,6606
28,845701,-101,2762
28,7643,-100,8918
28,6829,-100,5074
28,6015,-100,123
28,5201,-99,7386
28,4387,-99,3542
28,3573,-98,9698
28,2759,-98,5854
28,1945,-98,201004
28,1131,-97,816605
28,0317,-97,4322
27,950298,-97,0478
27,868898,-96,6634
27,787498,-96,279
27,733099,-95,8726
27,6787,-95,4662
27,6243,-95,0598
27,569899,-94,653404
27,515501,-94,247
27,4611,-93,8406
27,406698,-93,434204
27,3523,-93,0278
27,2979,-92,6214
27,2435,-92,215
27,1891,-91,80859
27,1347,-91,4022
27,0803,-90,995804
27,0259,-90,5894
26,9715,-90,183
26,9305,-89,823395
26,8895,-89,4638
26,8485,-89,1042
26,8075,-88,7446
26,7665,-88,384995
26,7255,-88,0254
26,6845,-87,6658
26,6435,-87,3062
26,602499,-86,946594
26,561499,-86,587
26,520498,-86,2274
26,4795,-85,8678
26,4385,-85,508194
26,3975,-85,1486
26,3565,-84,788994
26,3636,-84,3614
26,370699,-83,93379
26,3778,-83,5062
26,3849,-83,0786
26,392,-82,651
26,399101,-82,2234
26,406199,-81,79579
26,4133,-81,3682
26,420399,-80,9406
26,4275,-80,513
26,4346,-80,085396
26,4417,-79,6578
26,4488,-79,2302
26,455898,-78,8026
26,463,-78,375
26,514,-77,9878
26,565,-77,6006
26,616,-77,2134
26,667,-76,826195
26,717999,-76,439
26,769001,-76,051796
26,82,-75,664604
26,870998,-75,2774
26,921999,-74,8902
26,973,-74,503
27,024,-74,1158
27,074999,-73,7286
27,126,-73,3414
27,177,-72,95419
27,227999,-72,567
27,4168,-72,3077
27,605598,-72,0484
27,7944,-71,7891
27,983198,-71,5298
28,171999,-71,2705
28,3608,-71,0112
28,549599,-70,75189
28,7384,-70,4926
28,927198,-70,2333
29,116,-69,974
29,3048,-69,7147
29,493599,-69,4554
29,6824,-69,1961
29,871199,-68,9368
30,06,-68,6775
30,3241,-68,443
30,588198,-68,208496
30,852299,-67,974
31,1164,-67,739494
31,3805,-67,505
31,644598,-67,27049
31,908699,-67,035995
32,172802,-66,8015
32,4369,-66,567
32,701,-66,3325
32,9651,-66,098
33,229202,-65,863495
33,4933,-65,629
33,7574,-65,3945
34,0215,-65,159996
34,3239,-65,0181
34,6263,-64,8762
34,9287,-64,7343
35,231102,-64,5924
35,5335,-64,4505
35,8359,-64,3086
36,138298,-64,1667
36,4407,-64,024796
36,7431,-63,882896
37,045498,-63,740993
37,347897,-63,599094
37,6503,-63,457195
37,952698,-63,315296
38,2551,-63,173397
38,5575,-63,031498
38,825497,-62,984398
39,093502,-62,937298
39,3615,-62,890198
39,629498,-62,843098
39,8975,-62,795998
40,1655,-62,7489
40,4335,-62,7018
40,7015,-62,6547
40,969498,-62,6076
41,2375,-62,5605
41,5055,-62,5134
41,7735,-62,4663
42,0415,-62,4192
42,3095,-62,3721
42,5775,-62,325005
42,8232,-62,504604
43,068897,-62,684204
43,314598,-62,863804
43,560303,-63,0434
43,806,-63,223
44,0517,-63,4026
44,2974,-63,5822
44,5431,-63,761803
44,7888,-63,941402
45,0345,-64,121
45,280197,-64,300606
45,525898,-64,480194
45,7716,-64,6598
46,017296,-64,8394
46,263,-65,019
46,5434,-65,1707
46,8238,-65,322395
47,1042,-65,474106
47,384598,-65,6258
47,665,-65,7775
47,945396,-65,9292
48,2258,-66,080894
48,5062,-66,232605
48,7866,-66,3843
49,066998,-66,536
49,3474,-66,6877
49,627796,-66,83939
49,9082,-66,991104
50,188602,-67,1428
50,468998,-67,2945
50,7322,-67,4776
50,9954,-67,660706
51,2586,-67,8438
51,521797,-68,0269
51,785,-68,21
52,0482,-68,393105
52,3114,-68,5762
52,5746,-68,7593
52,8378,-68,9424
53,101,-69,1255
53,3642,-69,3086
53,6274,-69,4917
53,890602,-69,6748
54,1538,-69,8579
54,417,-70,041
54,7291,-70,1153
55,0412,-70,189606
55,3533,-70,26391
55,6654,-70,338196
55,977497,-70,4125
56,2896,-70,4868
56,6017,-70,561104
56,9138,-70,6354
57,2259,-70,7097
57,538002,-70,784004
57,850098,-70,85831
58,1622,-70,9326
58,4743,-71,0069
58,786396,-71,0812
59,0985,-71,1555
59,3829,-71,1799
59,667297,-71,2043
59,9517,-71,2287
60,2361,-71,2531
60,5205,-71,277504
60,804897,-71,301895
61,0893,-71,326294
61,3737,-71,3507
61,6581,-71,3751
61,942497,-71,3995
62,2269,-71,4239
62,5113,-71,448296
62,7957,-71,472694
63,080097,-71,4971
63,3645,-71,5215
63,652195,-71,51399
63,9399,-71,5065
64,2276,-71,49899
64,515305,-71,4915
64,803,-71,48399
65,0907,-71,4765
65,3784,-71,468994
65,6661,-71,4615
65,953804,-71,453995
66,2415,-71,4465
66,5292,-71,438995
66,8169,-71,4315
67,1046,-71,424
67,3923,-71,416504
67,68,-71,409004
67,9608,-71,2878
68,2416,-71,1666
68,5224,-71,0454
68,8032,-70,9242
69,084,-70,803
69,3648,-70,6818
69,6456,-70,5606
69,9264,-70,4394
70,2072,-70,3182
70,488,-70,197
70,7688,-70,0758
71,0496,-69,9546
71,3304,-69,8334
71,6112,-69,712204
71,892,-69,591
72,1058,-69,3367
72,3196,-69,082405
72,5334,-68,8281
72,7472,-68,5738
72,961,-68,319496
73,1748,-68,0652
73,3886,-67,8109
73,602394,-67,556595
73,8162,-67,3023
74,03,-67,048004
74,2438,-66,7937
74,4576,-66,5394
74,671394,-66,285095
74,8852,-66,0308
75,099,-65,7765
75,2463,-65,4253
75,3936,-65,0741
75,5409,-64,7229
75,688194,-64,371704
75,835495,-64,02049
75,982796,-63,669296
76,1301,-63,3181
76,277405,-62,966896
76,424706,-62,615696
76,57201,-62,2645
76,7193,-61,913296
76,8666,-61,562096
77,0139,-61,2109
77,1612,-60,859695
77,3085,-60,508495
77,3515,-60,134197
77,3945,-59,759895
77,4375,-59,385597
77,4805,-59,0113
77,5235,-58,636997
77,566505,-58,2627
77,609505,-57,888397
77,6525,-57,5141
77,695496,-57,1398
77,7385,-56,7655
77,7815,-56,391197
77,8245,-56,0169
77,86749,-55,6426
77,9105,-55,2683
77,9535,-54,894
77,9614,-54,5032
77,9693,-54,1124
77,9772,-53,7216
77,9851,-53,330803
77,993004,-52,94
78,0009,-52,5492
78,008804,-52,1584
78,0167,-51,7676
78,024605,-51,3768
78,0325,-50,986
78,040405,-50,5952
78,0483,-50,2044
78,0562,-49,8136
78,0641,-49,422802
78,072,-49,032
78,10551,-48,6333
78,139,-48,2346
78,1725,-47,8359
78,206,-47,437202
78,2395,-47,0385
78,273,-46,639797
78,306496,-46,2411
78,340004,-45,8424
78,3735,-45,443703
78,407,-45,045002
78,4405,-44,646297
78,474,-44,2476
78,5075,-43,8489
78,54099,-43,450203
78,5745,-43,0515
78,5484,-42,6184
78,5223,-42,1853
78,4962,-41,752197
78,4701,-41,3191
78,444,-40,885998
78,4179,-40,4529
78,3918,-40,0198
78,3657,-39,5867
78,3396,-39,1536
78,3135,-38,7205
78,2874,-38,2874
78,2613,-37,8543
78,2352,-37,4212
78,2091,-36,9881
78,183,-36,555
78,1164,-36,2111
78,0498,-35,8672
77,9832,-35,5233
77,916595,-35,179398
77,85,-34,835503
77,7834,-34,491604
77,7168,-34,1477
77,6502,-33,803802
77,583595,-33,4599
77,517,-33,116
77,4504,-32,772102
77,3838,-32,4282
77,3172,-32,0843
77,250595,-31,7404
77,184,-31,396502
77,1644,-31,0214
77,14479,-30,646301
77,1252,-30,2712
77,1056,-29,896101
77,086,-29,521
77,0664,-29,1459
77,0468,-28,770802
77,0272,-28,3957
77,0076,-28,020601
76,988,-27,6455
76,9684,-27,270401
76,9488,-26,8953
76,9292,-26,5202
76,9096,-26,1451
76,89,-25,77
76,98229,-25,3732
77,0746,-24,976402
77,16689,-24,579601
77,2592,-24,1828
77,351494,-23,786001
77,4438,-23,3892
77,536095,-22,9924
77,6284,-22,5956
77,720695,-22,198801
77,813,-21,802
77,9053,-21,405201
77,997604,-21,0084
78,0899,-20,611599
78,182205,-20,214802
78,2745,-19,818
78,485596,-19,58
78,6967,-19,342
78,9078,-19,104
79,1189,-18,866001
79,33,-18,628
79,5411,-18,39
79,752205,-18,152
79,963295,-17,914
80,17439,-17,676
80,3855,-17,438
80,596596,-17,199999
80,8077,-16,962
81,0188,-16,723999
81,2299,-16,486
81,441,-16,248
81,6626,-15,9703
81,8842,-15,6926
82,105804,-15,4149
82,3274,-15,1372
82,549,-14,8595
82,7706,-14,5817995
82,9922,-14,3041
83,2138,-14,0264
83,435394,-13,748699
83,657,-13,471
83,8786,-13,1933
84,1002,-12,9156
84,3218,-12,6379
84,543396,-12,3602
84,765,-12,0824995
84,978294,-11,7655
85,1916,-11,4485
85,4049,-11,1315
85,6182,-10,8145
85,8315,-10,4975
86,0448,-10,1805
86,258095,-9,8635
86,4714,-9,546499
86,6847,-9,2295
86,898,-8,912499
87,1113,-8,5955
87,3246,-8,278501
87,537895,-7,9615
87,7512,-7,6445
87,96449,-7,3275
88,2317,-7,1625
88,4989,-6,9975004
88,7661,-6,8325
89,033295,-6,6675
89,30049,-6,5025
89,5677,-6,3375
89,8349,-6,1725
90,1021,-6,0075
90,36929,-5,8425
90,6365,-5,6775002
90,903694,-5,5125003
91,1709,-5,3475003
91,438095,-5,1825
91,7053,-5,0175004
91,972496,-4,8525
92,255,-4,7612
92,5375,-4,6699004
92,81999,-4,5786
93,1025,-4,4873
93,384995,-4,3960004
93,667496,-4,3047
93,95,-4,2134
94,2325,-4,1221004
94,515,-4,0308
94,7975,-3,9394999
95,079994,-3,8482
95,3625,-3,7569
95,645,-3,6655998
95,927505,-3,5742998
96,21,-3,483
96,516205,-3,4208999
96,8224,-3,3588
97,1286,-3,2967
97,4348,-3,2345998
97,741,-3,1725001
98,047195,-3,1104
98,3534,-3,0483
98,6596,-2,9862
98,965805,-2,9241
99,272,-2,8620002
99,5782,-2,7999
99,8844,-2,7378001
100,1906,-2,6757002
100,4968,-2,6136
100,803,-2,5515
101,0631,-2,6146002
101,3232,-2,6777
101,583305,-2,7408001
101,8434,-2,8039
102,1035,-2,867
102,3636,-2,9301002
102,623695,-2,9932
102,883804,-3,0563002
103,1439,-3,1194
103,404,-3,1825
103,6641,-3,2455997
103,924194,-3,3086998
104,1843,-3,3718
104,4444,-3,4348998
104,7045,-3,498
104,933304,-3,7492
105,1621,-4,0004
105,3909,-4,2516
105,6197,-4,5028
105,8485,-4,754
106,07729,-5,0052
106,3061,-5,2564
106,5349,-5,5076003
106,7637,-5,7588
106,99249,-6,01
107,2213,-6,2612004
107,450096,-6,5123997
107,678894,-6,7636003
107,90769,-7,0148
108,1365,-7,2660003
108,2997,-7,5652
108,4629,-7,8643994
108,6261,-8,1636
108,7893,-8,4628
108,9525,-8,762
109,11569,-9,061199
109,27889,-9,3604
109,4421,-9,6596
109,6053,-9,958799
109,7685,-10,257999
109,9317,-10,5571995
110,0949,-10,8564005
110,2581,-11,1556
110,4213,-11,4548
110,5845,-11,754
110,5896,-12,190899
110,5947,-12,6278
110,5998,-13,064699
110,604904,-13,5016
110,61,-13,938499
110,6151,-14,3754
110,6202,-14,8123
110,6253,-15,249201
110,6304,-15,6861
110,6355,-16,123
110,6406,-16,5599
110,6457,-16,996801
110,6508,-17,4337
110,6559,-17,8706
110,660995,-18,307499
110,639595,-18,700201
110,618195,-19,0929
110,596794,-19,4856
110,57539,-19,8783
110,55399,-20,271
110,53259,-20,663698
110,51119,-21,0564
110,4898,-21,4491
110,4684,-21,8418
110,447,-22,234499
110,4256,-22,6272
110,4042,-23,0199
110,3828,-23,412598
110,3614,-23,805298
110,34,-24,198
110,2945,-24,5532
110,249,-24,9084
110,2035,-25,2636
110,158005,-25,6188
110,112495,-25,973999
110,067,-26,3292
110,0215,-26,6844
109,976,-27,0396
109,930504,-27,394798
109,885,-27,75
109,8395,-28,1052
109,794,-28,4604
109,748505,-28,815601
109,703,-29,170801
109,6575,-29,526001
109,4595,-29,798199
109,2615,-30,070398
109,06351,-30,3426
108,8655,-30,614801
108,6675,-30,887
108,469505,-31,1592
108,2715,-31,431402
108,0735,-31,7036
107,8755,-31,975801
107,677505,-32,248
107,47951,-32,5202
107,2815,-32,7924
107,0835,-33,0646
106,8855,-33,3368
106,6875,-33,609
106,3919,-33,7535
106,0963,-33,898003
105,8007,-34,0425
105,5051,-34,187
105,209496,-34,3315
104,913895,-34,475998
104,61829,-34,6205
104,3227,-34,765003
104,0271,-34,9095
103,7315,-35,054
103,4359,-35,1985
103,1403,-35,343
102,844696,-35,4875
102,549095,-35,632
102,253494,-35,776497
102,049095,-36,0282
101,844696,-36,2799
101,640305,-36,531597
101,4359,-36,7833
101,2315,-37,034996
101,0271,-37,2867
100,8227,-37,5384
100,6183,-37,7901
100,4139,-38,041798
100,2095,-38,293503
100,005104,-38,5452
99,8007,-38,7969
99,5963,-39,0486
99,3919,-39,3003
99,1875,-39,552002
99,0733,-39,9146
98,9591,-40,277203
98,8449,-40,6398
98,730705,-41,0024
98,6165,-41,364998
98,502304,-41,7276
98,38811,-42,0902
98,2739,-42,4528
98,1597,-42,8154
98,0455,-43,178
97,9313,-43,5406
97,8171,-43,9032
97,7029,-44,265797
97,5887,-44,6284
97,4745,-44,990997
97,5184,-45,3984
97,5623,-45,8058
97,6062,-46,2132
97,6501,-46,620598
97,694,-47,028
97,7379,-47,4354
97,78181,-47,842796
97,8257,-48,250202
97,8696,-48,6576
97,913506,-49,065
97,9574,-49,4724
98,001305,-49,8798
98,045204,-50,2872
98,089096,-50,694603
98,133,-51,102
98,223,-51,452602
98,313,-51,8032
98,403,-52,1538
98,493,-52,5044
98,583,-52,855
98,673,-53,2056
98,763,-53,556202
98,853,-53,9068
98,943,-54,2574
99,033,-54,608
99,123,-54,9586
99,213,-55,3092
99,30299,-55,659798
99,393,-56,0104
99,482994,-56,361
99,7416,-56,5396
100,0002,-56,7182
100,2588,-56,8968
100,5174,-57,0754
100,776,-57,254
101,0346,-57,432602
101,2932,-57,6112
101,551796,-57,789803
101,810394,-57,968403
102,069,-58,147003
102,3276,-58,3256
102,5862,-58,5042
102,844795,-58,682804
103,1034,-58,8614
103,362,-59,04
103,679405,-58,992302
103,996796,-58,9446
104,3142,-58,8969
104,6316,-58,8492
104,949005,-58,8015
105,266396,-58,7538
105,5838,-58,7061
105,9012,-58,6584
106,218605,-58,610703
106,535995,-58,563
106,8534,-58,5153
107,1708,-58,4676
107,488205,-58,4199
107,805595,-58,3722
108,123,-58,3245
108,4062,-58,278797
108,6894,-58,2331
108,9726,-58,1874
109,2558,-58,1417
109,539,-58,096
109,8222,-58,0503
110,10539,-58,0046
110,3886,-57,9589
110,6718,-57,9132
110,954994,-57,8675
111,2382,-57,8218
111,52139,-57,7761
111,804596,-57,7304
112,0878,-57,684704
112,370995,-57,639
112,65009,-57,63
112,9292,-57,621002
113,2083,-57,612
113,4874,-57,603004
113,766495,-57,594
114,04559,-57,585
114,3247,-57,576
114,603806,-57,567
114,882904,-57,558002
115,162,-57,549
115,4411,-57,54
115,7202,-57,531002
115,999306,-57,522
116,278404,-57,513
116,5575,-57,504
116,87581,-57,5643
117,1941,-57,6246
117,512405,-57,6849
117,8307,-57,7452
118,149,-57,8055
118,46731,-57,8658
118,78561,-57,926098
119,103905,-57,9864
119,4222,-58,0467
119,74051,-58,107002
120,05881,-58,1673
120,37711,-58,2276
120,695404,-58,2879
121,0137,-58,348198
121,33201,-58,4085
121,57771,-58,5219
121,8234,-58,6353
122,06911,-58,7487
122,31481,-58,8621
122,5605,-58,9755
122,806206,-59,0889
123,05191,-59,2023
123,2976,-59,315697
123,543304,-59,429096
123,78901,-59,542496
124,0347,-59,6559
124,2804,-59,7693
124,52611,-59,882698
124,7718,-59,996098
125,0175,-60,109497
125,25311,-60,3635
125,4887,-60,6175
125,724304,-60,8715
125,9599,-61,125496
126,1955,-61,3795
126,43111,-61,6335
126,6667,-61,887505
126,902306,-62,1415
127,13789,-62,3955
127,3735,-62,6495
127,60911,-62,903503
127,844696,-63,157505
128,0803,-63,4115
128,31589,-63,6655
128,5515,-63,919502
128,6049,-64,3051
128,6583,-64,690704
128,7117,-65,0763
128,7651,-65,4619
128,8185,-65,8475
128,8719,-66,2331
128,92531,-66,618706
128,9787,-67,0043
129,03209,-67,3899
129,0855,-67,775505
129,1389,-68,1611
129,19229,-68,54671
129,2457,-68,9323
129,2991,-69,3179
129,3525,-69,70351
129,3148,-70,09031
129,2771,-70,477104
129,2394,-70,86391
129,20169,-71,2507
129,164,-71,637505
129,12631,-72,0243
129,0886,-72,4111
129,0509,-72,7979
129,0132,-73,1847
128,9755,-73,571495
128,9378,-73,9583
128,9001,-74,3451
128,86241,-74,7319
128,82469,-75,118706
128,787,-75,5055
128,74089,-75,903496
128,69481,-76,3015
128,6487,-76,6995
128,6026,-77,0975
128,5565,-77,4955
128,5104,-77,8935
128,4643,-78,2915
128,4182,-78,68951
128,3721,-79,0875
128,32599,-79,485504
128,2799,-79,8835
128,2338,-80,28151
128,18768,-80,679504
128,1416,-81,0775
128,09549,-81,4755
128,0343,-81,89271
127,9731,-82,3099
127,9119,-82,727104
127,85069,-83,1443
127,78949,-83,5615
127,728294,-83,9787
127,6671,-84,3959
127,6059,-84,8131
127,5447,-85,2303
127,483505,-85,6475
127,42231,-86,0647
127,3611,-86,4819
127,2999,-86,8991
127,2387,-87,3163
127,177505,-87,7335
127,1216,-88,107796
127,06571,-88,4821
127,0098,-88,8564
126,9539,-89,2307
126,897995,-89,605
126,84211,-89,9793
126,7862,-90,3536
126,7303,-90,7279
126,67439,-91,102196
126,61851,-91,476494
126,5626,-91,8508
126,5067,-92,2251
126,45079,-92,599396
126,3949,-92,973694
126,339,-93,348
126,2776,-93,7189
126,2162,-94,0898
126,1548,-94,4607
126,09339,-94,8316
126,032,-95,2025
125,9706,-95,5734
125,9092,-95,9443
125,8478,-96,3152
125,78641,-96,6861
125,725006,-97,057
125,66361,-97,4279
125,602196,-97,7988
125,5408,-98,1697
125,4794,-98,540596
125,41801,-98,9115
125,4065,-99,2948
125,395004,-99,6781
125,3835,-100,0614
125,372,-100,4447
125,3605,-100,828
125,349,-101,211296
125,337494,-101,5946
125,32601,-101,977905
125,31451,-102,3612
125,30301,-102,7445
125,291504,-103,1278
125,28001,-103,51109
125,2685,-103,8944
125,257,-104,2777
125,2455,-104,660995
125,2482,-104,8174
125,25089,-104,9738
125,25359,-105,130196
125,2563,-105,2866
125,259,-105,443
125,261696,-105,599396
125,2644,-105,7558
125,2671,-105,9122
125,269806,-106,068596
125,27249,-106,225
125,2752,-106,3814
125,2779,-106,537796
125,2806,-106,6942
125,283295,-106,8506
125,285995,-107,007
125,285995,-107,007
125,285995,-107,007
125,285995,-107,007
125,285995,-107,007
125,285995,-107,007
125,285995,-107,007
125,285995,-107,007
125,285995,-107,007
125,285995,-107,007
125,285995,-107,007
125,285995,-107,007
125,285995,-107,007
125,285995,-107,007
125,285995,-107,007
